2.25 6438
2.25 6438
2.25 6177
2.25 6177
2.25 6177
2.25 6177
2.25 6177
2.25 6264
2.25 6264
2.25 6264
2.25 6264
2.25 6264
2.25 6148
2.25 6148
2.25 6148
2.25 6148
2.25 6148
2.25 6380
2.25 6380
2.25 6380
2.25 6380
2.25 6380
2.25 6293
2.25 6293
2.25 6293
2.25 6293
2.25 6293
2.25 6177
2.25 6177
2.25 6177
2.25 6177
2.25 6177
2.25 5684
2.25 5684
2.25 5684
2.25 5684
2.25 5684
2.25 6177
2.25 6177
2.25 6177
2.25 6177
2.25 6177
2.25 6612
2.25 6612
2.25 6612
2.25 6612
2.25 6612
2.25 6409
2.25 6409
2.25 6409
2.25 6409
2.25 6409
2.25 6583
2.25 6583
2.25 6583
2.25 6583
2.25 6583
2.25 6235
2.25 6235
2.25 6235
2.25 6235
2.25 6235
2.25 6554
2.25 6554
2.25 6554
2.25 6554
2.25 6554
2.25 6496
2.25 6496
2.25 6496
2.25 6496
2.25 6496
2.25 6438
2.25 6438
2.25 6438
2.25 6438
2.25 6438
2.25 6032
2.25 6032
2.25 6032
2.25 6032
2.25 6032
2.25 6090
2.25 6090
2.25 6090
2.25 6090
2.25 6090
2.25 6351
2.25 6351
2.25 6351
2.25 6351
2.25 6351
2.25 6148
2.25 6148
2.25 6148
2.25 6148
2.25 6148
2.25 6177
2.25 6177
2.25 6177
2.25 6177
2.25 6177
2.25 6090
2.25 6090
2.25 6090
2.25 6090
2.25 6090
2.25 6322
2.25 6322
2.25 6322
2.25 6322
2.25 6322
2.25 5887
2.25 5887
2.25 5887
2.25 5887
2.25 5887
2.25 6003
2.25 6003
2.25 6003
2.25 6003
2.25 6003
2.25 6235
2.25 6235
2.25 6235
2.25 6235
2.25 6235
2.25 6206
2.25 6206
2.25 6206
2.25 6206
2.25 6206
2.25 6206
2.25 6206
2.25 6206
2.25 6206
2.25 6206
2.25 5887
2.25 5887
2.25 5887
2.25 5887
2.25 5887
2.25 5945
2.25 5945
2.25 5945
2.25 5945
2.25 5945
2.25 6380
2.25 6380
2.25 6380
2.25 6380
2.25 6380
2.25 5858
2.25 5858
2.25 5858
2.25 5858
2.25 5858
2.25 6003
2.25 6003
2.25 6003
2.25 6003
2.25 6003
2.25 6148
2.25 6148
2.25 6148
2.25 6148
2.25 6148
2.25 5945
2.25 5945
2.25 5945
2.25 5945
2.25 5945
2.25 6177
2.25 6177
2.25 6177
2.25 6177
2.25 6177
2.25 5829
2.25 5829
2.25 5829
2.25 5829
2.25 5829
2.25 5916
2.25 5916
2.25 5916
2.25 5916
2.25 5916
2.25 5916
2.25 5916
2.25 5916
2.25 5916
2.25 5916
2.25 6235
2.25 6235
2.25 6235
2.25 6235
2.25 6235
2.25 6119
2.25 6119
2.25 6119
2.25 6119
2.25 6119
2.25 6003
2.25 6003
2.25 6003
2.25 6003
2.25 6003
2.25 6090
2.25 6090
2.25 6090
2.25 6090
2.25 6090
2.25 6177
2.25 6177
2.25 6177
2.25 6177
2.25 6177
2.25 6061
2.25 6061
2.25 6061
2.25 6061
2.25 6061
2.25 6409
2.25 6409
2.25 6409
2.25 6409
2.25 6409
2.25 6061
2.25 6061
2.25 6061
2.25 6061
2.25 6061
2.25 5858
2.25 5858
2.25 5858
2.25 5858
2.25 5858
2.25 6061
2.25 6061
2.25 6061
2.25 6061
2.25 6061
2.25 6380
2.25 6380
2.25 6380
2.25 6380
2.25 6380
2.25 6293
2.25 6293
2.25 6293
2.25 6293
2.25 6293
2.25 6351
2.25 6351
2.25 6351
2.25 6351
2.25 6351
2.25 6496
2.25 6496
2.25 6496
2.25 6496
2.25 6496
2.25 5829
2.25 5829
2.25 5829
2.25 5829
2.25 5829
2.25 5916
2.25 5916
2.25 5916
2.25 5916
2.25 5916
2.25 6235
2.25 6235
2.25 6235
2.25 6235
2.25 6235
2.25 6119
2.25 6119
2.25 6119
2.25 6119
2.25 6119
2.25 6293
2.25 6293
2.25 6293
2.25 6293
2.25 6293
2.25 6206
2.25 6206
2.25 6206
2.25 6206
2.25 6206
2.25 5887
2.25 5887
2.25 5887
2.25 5887
2.25 5887
2.25 6380
2.25 6380
2.25 6380
2.25 6380
2.25 6380
2.25 5800
2.25 5800
2.25 5800
2.25 5800
2.25 5800
2.25 5800
2.25 5800
2.25 5800
2.25 5800
2.25 5800
2.25 5916
2.25 5916
2.25 5916
2.25 5916
2.25 5916
2.25 6177
2.25 6177
2.25 6177
2.25 6177
2.25 6177
2.25 6148
2.25 6148
2.25 6148
2.25 6148
2.25 6148
2.25 5945
2.25 5945
2.25 5945
2.25 5945
2.25 5945
2.25 6090
2.25 6090
2.25 6090
2.25 6090
2.25 6090
2.25 5945
2.25 5945
2.25 5945
2.25 5945
2.25 5945
2.25 6032
2.25 6032
2.25 6032
2.25 6032
2.25 6032
2.25 6409
2.25 6409
2.25 6409
2.25 6409
2.25 6409
2.25 6467
2.25 6467
2.25 6467
2.25 6467
2.25 6467
2.25 5800
2.25 5800
2.25 5800
2.25 5800
2.25 5800
2.25 6090
2.25 6090
2.25 6090
2.25 6090
2.25 6090
2.25 6264
2.25 6264
2.25 6264
2.25 6264
2.25 6264
2.25 5858
2.25 5858
2.25 5858
2.25 5858
2.25 5858
2.25 6409
2.25 6409
2.25 6409
2.25 6409
2.25 6409
2.25 6525
2.25 6525
2.25 6525
2.25 6525
2.25 6525
2.25 6380
2.25 6380
2.25 6380
2.25 6380
2.25 6380
2.25 5713
2.25 5713
2.25 5713
2.25 5713
2.25 5713
2.25 6061
2.25 6061
2.25 6061
2.25 6061
2.25 6061
2.25 6438
2.25 6438
2.25 6438
2.25 6438
2.25 6438
2.25 5684
2.25 5684
2.25 5684
2.25 5684
2.25 5684
2.25 6206
2.25 6206
2.25 6206
2.25 6206
2.25 6206
2.25 5858
2.25 5858
2.25 5858
2.25 5858
2.25 5858
2.25 6206
2.25 6206
2.25 6206
2.25 6206
2.25 6206
2.25 6264
2.25 6264
2.25 6264
2.25 6264
2.25 6264
2.25 6264
2.25 6264
2.25 6264
2.25 6264
2.25 6264
2.25 6090
2.25 6090
2.25 6090
2.25 6090
2.25 6090
2.25 6467
2.25 6467
2.25 6467
2.25 6467
2.25 6467
2.25 6090
2.25 6090
2.25 6090
2.25 6090
2.25 6090
2.25 6032
2.25 6032
2.25 6032
2.25 6032
2.25 6032
2.25 6467
2.25 6467
2.25 6467
2.25 6467
2.25 6467
2.25 6322
2.25 6322
2.25 6322
2.25 6322
2.25 6322
2.25 6206
2.25 6206
2.25 6206
2.25 6206
2.25 6206
2.25 6583
2.25 6583
2.25 6583
2.25 6583
2.25 6583
2.25 6583
2.25 6583
2.25 6583
2.25 6583
2.25 6583
2.25 6786
2.25 6786
2.25 6786
2.25 6786
2.25 6786
2.25 6206
2.25 6206
2.25 6206
2.25 6206
2.25 6206
2.25 5249
2.25 5249
2.25 5249
2.25 5249
2.25 5249
2.25 116
2.25 116
2.25 116
2.25 116
2.25 116
2.25 6641
2.25 6641
2.25 6641
2.25 6641
2.25 6641
2.25 6003
2.25 6003
2.25 6003
2.25 6003
2.25 6003
2.25 6206
2.25 6206
2.25 6206
2.25 6206
2.25 6206
2.25 6177
2.25 6177
2.25 6177
2.25 6177
2.25 6177
2.25 6641
2.25 6641
2.25 6641
2.25 6641
2.25 6641
2.25 4089
2.25 4089
2.25 4089
2.25 4089
2.25 4089
2.25 6351
2.25 6351
2.25 6351
2.25 6351
2.25 6351
2.25 5916
2.25 5916
2.25 5916
2.25 5916
2.25 5916
2.25 5771
2.25 5771
2.25 5771
2.25 5771
2.25 5771
2.25 6264
2.25 6264
2.25 6264
2.25 6264
2.25 6264
2.25 5829
2.25 5829
2.25 5829
2.25 5829
2.25 5829
2.25 6177
2.25 6177
2.25 6177
2.25 6177
2.25 6177
2.25 6583
2.25 6583
2.25 6583
2.25 6583
2.25 6583
2.25 6786
2.25 6786
2.25 6786
2.25 6786
2.25 6786
2.25 6699
2.25 6699
2.25 6699
2.25 6699
2.25 6699
2.25 6003
2.25 6003
2.25 6003
2.25 6003
2.25 6003
2.25 6148
2.25 6148
2.25 6148
2.25 6148
2.25 6148
2.25 6351
2.25 6351
2.25 6351
2.25 6351
2.25 6351
2.25 6235
2.25 6235
2.25 6235
2.25 6235
2.25 6235
2.25 6235
2.25 6235
2.25 6235
2.25 6235
2.25 6235
2.25 5829
2.25 5829
2.25 5829
2.25 5829
2.25 5829
2.25 6148
2.25 6148
2.25 6148
2.25 6148
2.25 6148
2.25 5945
2.25 5945
2.25 5945
2.25 5945
2.25 5945
2.25 6264
2.25 6264
2.25 6264
2.25 6264
2.25 6264
2.25 6815
2.25 6815
2.25 6815
2.25 6815
2.25 6815
2.25 6119
2.25 6119
2.25 6119
2.25 6119
2.25 6119
2.25 6177
2.25 6177
2.25 6177
2.25 6177
2.25 6177
2.25 5858
2.25 5858
2.25 5858
2.25 5858
2.25 5858
2.25 6119
2.25 6119
2.25 6119
2.25 6119
2.25 6119
2.25 6351
2.25 6351
2.25 6351
2.25 6351
2.25 6351
2.25 6351
2.25 6351
2.25 6351
2.25 6351
2.25 6351
2.25 6206
2.25 6206
2.25 6206
2.25 6206
2.25 6206
2.25 6119
2.25 6119
2.25 6119
2.25 6119
2.25 6119
2.25 5945
2.25 5945
2.25 5945
2.25 5945
2.25 5945
2.25 6641
2.25 6641
2.25 6641
2.25 6641
2.25 6641
2.25 6380
2.25 6380
2.25 6380
2.25 6380
2.25 6380
2.25 6670
2.25 6670
2.25 6670
2.25 6670
2.25 6670
2.25 6264
2.25 6264
2.25 6264
2.25 6264
2.25 6264
2.25 5684
2.25 5684
2.25 5684
2.25 5684
2.25 5684
2.25 6148
2.25 6148
2.25 6148
2.25 6148
2.25 6148
2.25 5858
2.25 5858
2.25 5858
2.25 5858
2.25 5858
2.25 6235
2.25 6235
2.25 6235
2.25 6235
2.25 6235
2.25 6525
2.25 6525
2.25 6525
2.25 6525
2.25 6525
2.25 6264
2.25 6264
2.25 6264
2.25 6264
2.25 6264
2.25 5510
2.25 5510
2.25 5510
2.25 5510
2.25 5510
2.25 754
2.25 754
2.25 754
2.25 754
2.25 754
2.25 812
2.25 812
2.25 812
2.25 812
2.25 812
2.25 6351
2.25 6351
2.25 6351
2.25 6351
2.25 6351
2.25 6003
2.25 6003
2.25 6003
2.25 6003
2.25 6003
2.25 6467
2.25 6467
2.25 6467
2.25 6467
2.25 6467
2.25 6235
2.25 6235
2.25 6235
2.25 6235
2.25 6235
2.25 1044
2.25 1044
2.25 1044
2.25 1044
2.25 1044
2.25 1189
2.25 1189
2.25 1189
2.25 1189
2.25 1189
2.25 5510
2.25 5510
2.25 5510
2.25 5510
2.25 5510
2.25 6177
2.25 6177
2.25 6177
2.25 6177
2.25 6177
2.25 5191
2.25 5191
2.25 5191
2.25 5191
2.25 5191
2.25 5481
2.25 5481
2.25 5481
2.25 5481
2.25 5481
2.25 986
2.25 986
2.25 986
2.25 986
2.25 986
2.25 5655
2.25 5655
2.25 5655
2.25 5655
2.25 5655
2.25 6293
2.25 6293
2.25 6293
2.25 6293
2.25 6293
2.25 6177
2.25 6177
2.25 6177
2.25 6177
2.25 6177
2.25 6148
2.25 6148
2.25 6148
2.25 6148
2.25 6148
2.25 6177
2.25 6177
2.25 6177
2.25 6177
2.25 6177
2.25 5046
2.25 5046
2.25 5046
2.25 5046
2.25 5046
2.25 6351
2.25 6351
2.25 6351
2.25 6351
2.25 6351
2.25 6061
2.25 6061
2.25 6061
2.25 6061
2.25 6061
2.25 6293
2.25 6293
2.25 6293
2.25 6293
2.25 6293
2.25 5771
2.25 5771
2.25 5771
2.25 5771
2.25 5771
2.25 5684
2.25 5684
2.25 5684
2.25 5684
2.25 5684
2.25 5336
2.25 5336
2.25 5336
2.25 5336
2.25 5336
2.25 5713
2.25 5713
2.25 5713
2.25 5713
2.25 5713
2.25 6119
2.25 6119
2.25 6119
2.25 6119
2.25 6119
2.25 6293
2.25 6293
2.25 6293
2.25 6293
2.25 6293
2.25 5742
2.25 5742
2.25 5742
2.25 5742
2.25 5742
2.25 5162
2.25 5162
2.25 5162
2.25 5162
2.25 5162
2.25 6090
2.25 6090
2.25 6090
2.25 6090
2.25 6090
2.25 6090
2.25 6090
2.25 6090
2.25 6090
2.25 6090
2.25 6525
2.25 6525
2.25 6525
2.25 6525
2.25 6525
2.25 6322
2.25 6322
2.25 6322
2.25 6322
2.25 6322
2.25 5423
2.25 5423
2.25 5423
2.25 5423
2.25 5423
2.25 6032
2.25 6032
2.25 6032
2.25 6032
2.25 6032
2.25 5336
2.25 5336
2.25 5336
2.25 5336
2.25 5336
2.25 5916
2.25 5916
2.25 5916
2.25 5916
2.25 5916
2.25 6148
2.25 6148
2.25 6148
2.25 6148
2.25 6148
2.25 6061
2.25 6061
2.25 6061
2.25 6061
2.25 6061
2.25 5916
2.25 5916
2.25 5916
2.25 5916
2.25 5916
2.25 5771
2.25 5771
2.25 5771
2.25 5771
2.25 5771
2.25 5974
2.25 5974
2.25 5974
2.25 5974
2.25 5974
2.25 5945
2.25 5945
2.25 5945
2.25 5945
2.25 5945
2.25 5626
2.25 5626
2.25 5626
2.25 5626
2.25 5626
2.25 6003
2.25 6003
2.25 6003
2.25 6003
2.25 6003
2.25 5945
2.25 5945
2.25 5945
2.25 5945
2.25 5945
2.25 5858
2.25 5858
2.25 5858
2.25 5858
2.25 5858
2.25 6003
2.25 6003
2.25 6003
2.25 6003
2.25 6003
2.25 6206
2.25 6206
2.25 6206
2.25 6206
2.25 6206
2.25 5887
2.25 5887
2.25 5887
2.25 5887
2.25 5887
2.25 5916
2.25 5916
2.25 5916
2.25 5916
2.25 5916
2.25 5887
2.25 5887
2.25 5887
2.25 5887
2.25 5887
2.25 5539
2.25 5539
2.25 5539
2.25 5539
2.25 5539
2.25 5916
2.25 5916
2.25 5916
2.25 5916
2.25 5916
2.25 5945
2.25 5945
2.25 5945
2.25 5945
2.25 5945
2.25 5887
2.25 5887
2.25 5887
2.25 5887
2.25 5887
2.25 6090
2.25 6090
2.25 6090
2.25 6090
2.25 6090
2.25 5655
2.25 5655
2.25 5655
2.25 5655
2.25 5655
2.25 5655
2.25 5655
2.25 5655
2.25 5655
2.25 5655
2.25 6032
2.25 6032
2.25 6032
2.25 6032
2.25 6032
2.25 6206
2.25 6206
2.25 6206
2.25 6206
2.25 6206
2.25 6119
2.25 6119
2.25 6119
2.25 6119
2.25 6119
2.25 5829
2.25 5829
2.25 5829
2.25 5829
2.25 5829
2.25 6264
2.25 6264
2.25 6264
2.25 6264
2.25 6264
2.25 5858
2.25 5858
2.25 5858
2.25 5858
2.25 5858
2.25 5829
2.25 5829
2.25 5829
2.25 5829
2.25 5829
2.25 6032
2.25 6032
2.25 6032
2.25 6032
2.25 6032
2.25 5800
2.25 5800
2.25 5800
2.25 5800
2.25 5800
2.25 6032
2.25 6032
2.25 6032
2.25 6032
2.25 6032
2.25 6322
2.25 6322
2.25 6322
2.25 6322
2.25 6322
2.25 4756
2.25 4756
2.25 4756
2.25 4756
2.25 4756
2.25 5771
2.25 5771
2.25 5771
2.25 5771
2.25 5771
2.25 6032
2.25 6032
2.25 6032
2.25 6032
2.25 6032
2.25 6003
2.25 6003
2.25 6003
2.25 6003
2.25 6003
2.25 6003
2.25 6003
2.25 6003
2.25 6003
2.25 6003
2.25 5887
2.25 5887
2.25 5887
2.25 5887
2.25 5887
2.25 6467
2.25 6467
2.25 6467
2.25 6467
2.25 6467
2.25 6003
2.25 6003
2.25 6003
2.25 6003
2.25 6003
2.25 5858
2.25 5858
2.25 5858
2.25 5858
2.25 5858
2.25 6467
2.25 6467
2.25 6467
2.25 6467
2.25 6467
2.25 6119
2.25 6119
2.25 6119
2.25 6119
2.25 6119
2.25 5887
2.25 5887
2.25 5887
2.25 5887
2.25 5887
2.25 5713
2.25 5713
2.25 5713
2.25 5713
2.25 5713
2.25 5800
2.25 5800
2.25 5800
2.25 5800
2.25 5800
2.25 5916
2.25 5916
2.25 5916
2.25 5916
2.25 5916
2.25 6032
2.25 6032
2.25 6032
2.25 6032
2.25 6032
2.25 5742
2.25 5742
2.25 5742
2.25 5742
2.25 5742
2.25 5945
2.25 5945
2.25 5945
2.25 5945
2.25 5945
2.25 6032
2.25 6032
2.25 6032
2.25 6032
2.25 6032
2.25 5713
2.25 5713
2.25 5713
2.25 5713
2.25 5713
2.25 6235
2.25 6235
2.25 6235
2.25 6235
2.25 6235
2.25 6293
2.25 6293
2.25 6293
2.25 6293
2.25 6293
2.25 5713
2.25 5713
2.25 5713
2.25 5713
2.25 5713
2.25 5974
2.25 5974
2.25 5974
2.25 5974
2.25 5974
2.25 5858
2.25 5858
2.25 5858
2.25 5858
2.25 5858
2.25 5829
2.25 5829
2.25 5829
2.25 5829
2.25 5829
2.25 5742
2.25 5742
2.25 5742
2.25 5742
2.25 5742
2.25 6003
2.25 6003
2.25 6003
2.25 6003
2.25 6003
2.25 5887
2.25 5887
2.25 5887
2.25 5887
2.25 5887
2.25 5742
2.25 5742
2.25 5742
2.25 5742
2.25 5742
2.25 5800
2.25 5800
2.25 5800
2.25 5800
2.25 5800
2.25 5133
2.25 5133
2.25 5133
2.25 5133
2.25 5133
2.25 5510
2.25 5510
2.25 5510
2.25 5510
2.25 5510
2.25 6177
2.25 6177
2.25 6177
2.25 6177
2.25 6177
2.25 5829
2.25 5829
2.25 5829
2.25 5829
2.25 5829
2.25 6148
2.25 6148
2.25 6148
2.25 6148
2.25 6148
2.25 5452
2.25 5452
2.25 5452
2.25 5452
2.25 5452
2.25 6003
2.25 6003
2.25 6003
2.25 6003
2.25 6003
2.25 5597
2.25 5597
2.25 5597
2.25 5597
2.25 5597
2.25 5742
2.25 5742
2.25 5742
2.25 5742
2.25 5742
2.25 5452
2.25 5452
2.25 5452
2.25 5452
2.25 5452
2.25 5771
2.25 5771
2.25 5771
2.25 5771
2.25 5771
2.25 5800
2.25 5800
2.25 5800
2.25 5800
2.25 5800
2.25 5655
2.25 5655
2.25 5655
2.25 5655
2.25 5655
2.25 6177
2.25 6177
2.25 6177
2.25 6177
2.25 6177
2.25 6090
2.25 6090
2.25 6090
2.25 6090
2.25 6090
2.25 5945
2.25 5945
2.25 5945
2.25 5945
2.25 5945
2.25 6206
2.25 6206
2.25 6206
2.25 6206
2.25 6206
2.25 6119
2.25 6119
2.25 6119
2.25 6119
2.25 6119
2.25 5684
2.25 5684
2.25 5684
2.25 5684
2.25 5684
2.25 6061
2.25 6061
2.25 6061
2.25 6061
2.25 6061
2.25 5887
2.25 5887
2.25 5887
2.25 5887
2.25 5887
2.25 5626
2.25 5626
2.25 5626
2.25 5626
2.25 5626
2.25 5916
2.25 5916
2.25 5916
2.25 5916
2.25 5916
2.25 5568
2.25 5568
2.25 5568
2.25 5568
2.25 5568
2.25 6061
2.25 6061
2.25 6061
2.25 6061
2.25 6061
2.25 5394
2.25 5394
2.25 5394
2.25 5394
2.25 5394
2.25 5278
2.25 5278
2.25 5278
2.25 5278
2.25 5278
2.25 6206
2.25 6206
2.25 6206
2.25 6206
2.25 6206
2.25 5771
2.25 5771
2.25 5771
2.25 5771
2.25 5771
2.25 5858
2.25 5858
2.25 5858
2.25 5858
2.25 5858
2.25 5887
2.25 5887
2.25 5887
2.25 5887
2.25 5887
2.25 6003
2.25 6003
2.25 6003
2.25 6003
2.25 6003
2.25 5800
2.25 5800
2.25 5800
2.25 5800
2.25 5800
2.25 5916
2.25 5916
2.25 5916
2.25 5916
2.25 5916
2.25 5742
2.25 5742
2.25 5742
2.25 5742
2.25 5742
2.25 5974
2.25 5974
2.25 5974
2.25 5974
2.25 5974
2.25 5858
2.25 5858
2.25 5858
2.25 5858
2.25 5858
2.25 5597
2.25 5597
2.25 5597
2.25 5597
2.25 5597
2.25 5771
2.25 5771
2.25 5771
2.25 5771
2.25 5771
2.25 5887
2.25 5887
2.25 5887
2.25 5887
2.25 5887
2.25 5597
2.25 5597
2.25 5597
2.25 5597
2.25 5597
2.25 5539
2.25 5539
2.25 5539
2.25 5539
2.25 5539
2.25 6293
2.25 6293
2.25 6293
2.25 6293
2.25 6293
2.25 5597
2.25 5597
2.25 5597
2.25 5597
2.25 5597
2.25 5771
2.25 5771
2.25 5771
2.25 5771
2.25 5771
2.25 5510
2.25 5510
2.25 5510
2.25 5510
2.25 5510
2.25 5713
2.25 5713
2.25 5713
2.25 5713
2.25 5713
2.25 6032
2.25 6032
2.25 6032
2.25 6032
2.25 6032
2.25 5829
2.25 5829
2.25 5829
2.25 5829
2.25 5829
2.25 5829
2.25 5829
2.25 5829
2.25 5829
2.25 5829
2.25 5887
2.25 5887
2.25 5887
2.25 5887
2.25 5887
2.25 5974
2.25 5974
2.25 5974
2.25 5974
2.25 5974
2.25 5887
2.25 5887
2.25 5887
2.25 5887
2.25 5887
2.25 5684
2.25 5684
2.25 5684
2.25 5684
2.25 5684
2.25 6090
2.25 6090
2.25 6090
2.25 6090
2.25 6090
2.25 5887
2.25 5887
2.25 5887
2.25 5887
2.25 5887
2.25 6003
2.25 6003
2.25 6003
2.25 6003
2.25 6003
2.25 6177
2.25 6177
2.25 6177
2.25 6177
2.25 6177
2.25 6177
2.25 6177
2.25 6177
2.25 6177
2.25 6177
2.25 6293
2.25 6293
2.25 6293
2.25 6293
2.25 6293
2.25 6293
2.25 6293
2.25 6293
2.25 6293
2.25 6293
2.25 5829
2.25 5829
2.25 5829
2.25 5829
2.25 5829
2.25 5568
2.25 5568
2.25 5568
2.25 5568
2.25 5568
2.25 5713
2.25 5713
2.25 5713
2.25 5713
2.25 5713
2.25 5742
2.25 5742
2.25 5742
2.25 5742
2.25 5742
2.25 5887
2.25 5887
2.25 5887
2.25 5887
2.25 5887
2.25 5278
2.25 5278
2.25 5278
2.25 5278
2.25 5278
2.25 5655
2.25 5655
2.25 5655
2.25 5655
2.25 5655
2.25 5800
2.25 5800
2.25 5800
2.25 5800
2.25 5800
2.25 5945
2.25 5945
2.25 5945
2.25 5945
2.25 5945
2.25 6032
2.25 6032
2.25 6032
2.25 6032
2.25 6032
2.25 6148
2.25 6148
2.25 6148
2.25 6148
2.25 6148
2.25 5887
2.25 5887
2.25 5887
2.25 5887
2.25 5887
2.25 5713
2.25 5713
2.25 5713
2.25 5713
2.25 5713
2.25 6061
2.25 6061
2.25 6061
2.25 6061
2.25 6061
2.25 5713
2.25 5713
2.25 5713
2.25 5713
2.25 5713
2.25 6177
2.25 6177
2.25 6177
2.25 6177
2.25 6177
2.25 5800
2.25 5800
2.25 5800
2.25 5800
2.25 5800
2.25 5655
2.25 5655
2.25 5655
2.25 5655
2.25 5655
2.25 4843
2.25 4843
2.25 4843
2.25 4843
2.25 4843
2.25 7337
2.25 7337
2.25 7337
2.25 7337
2.25 7337
2.25 5626
2.25 5626
2.25 5626
2.25 5626
2.25 5626
2.25 5626
2.25 5626
2.25 5626
2.25 5626
2.25 5626
2.25 5771
2.25 5771
2.25 5771
2.25 5771
2.25 5771
2.25 5800
2.25 5800
2.25 5800
2.25 5800
2.25 5800
2.25 5887
2.25 5887
2.25 5887
2.25 5887
2.25 5887
2.25 5104
2.25 5104
2.25 5104
2.25 5104
2.25 5104
2.25 6032
2.25 6032
2.25 6032
2.25 6032
2.25 6032
2.25 5858
2.25 5858
2.25 5858
2.25 5858
2.25 5858
2.25 5974
2.25 5974
2.25 5974
2.25 5974
2.25 5974
2.25 5974
2.25 5974
2.25 5974
2.25 5974
2.25 5974
2.25 6206
2.25 6206
2.25 6206
2.25 6206
2.25 6206
2.25 5800
2.25 5800
2.25 5800
2.25 5800
2.25 5800
2.25 5829
2.25 5829
2.25 5829
2.25 5829
2.25 5829
2.25 6003
2.25 6003
2.25 6003
2.25 6003
2.25 6003
2.25 5684
2.25 5684
2.25 5684
2.25 5684
2.25 5684
2.25 6090
2.25 6090
2.25 6090
2.25 6090
2.25 6090
2.25 6293
2.25 6293
2.25 6293
2.25 6293
2.25 6293
2.25 5858
2.25 5858
2.25 5858
2.25 5858
2.25 5858
2.25 5597
2.25 5597
2.25 5597
2.25 5597
2.25 5597
2.25 5887
2.25 5887
2.25 5887
2.25 5887
2.25 5887
2.25 6003
2.25 6003
2.25 6003
2.25 6003
2.25 6003
2.25 5655
2.25 5655
2.25 5655
2.25 5655
2.25 5655
2.25 6322
2.25 6322
2.25 6322
2.25 6322
2.25 6322
2.25 5481
2.25 5481
2.25 5481
2.25 5481
2.25 5481
2.25 5510
2.25 5510
2.25 5510
2.25 5510
2.25 5510
2.25 5945
2.25 5945
2.25 5945
2.25 5945
2.25 5945
2.25 5597
2.25 5597
2.25 5597
2.25 5597
2.25 5597
2.25 6380
2.25 6380
2.25 6380
2.25 6380
2.25 6380
2.25 6177
2.25 6177
2.25 6177
2.25 6177
2.25 6177
2.25 5597
2.25 5597
2.25 5597
2.25 5597
2.25 5597
2.25 5713
2.25 5713
2.25 5713
2.25 5713
2.25 5713
2.25 5945
2.25 5945
2.25 5945
2.25 5945
2.25 5945
2.25 6380
2.25 6380
2.25 6380
2.25 6380
2.25 6380
2.25 5974
2.25 5974
2.25 5974
2.25 5974
2.25 5974
2.25 5800
2.25 5800
2.25 5800
2.25 5800
2.25 5800
2.25 5133
2.25 5133
2.25 5133
2.25 5133
2.25 5133
2.25 5626
2.25 5626
2.25 5626
2.25 5626
2.25 5626
2.25 5887
2.25 5887
2.25 5887
2.25 5887
2.25 5887
2.25 6206
2.25 6206
2.25 6206
2.25 6206
2.25 6206
2.25 6206
2.25 6206
2.25 6206
2.25 6206
2.25 6206
2.25 5858
