1.95 4060
1.95 4060
1.95 4263
1.95 4263
1.95 4263
1.95 4263
1.95 4263
1.95 3741
1.95 3741
1.95 3741
1.95 3741
1.95 3741
1.95 4089
1.95 4089
1.95 4089
1.95 4089
1.95 4089
1.95 3538
1.95 3538
1.95 3538
1.95 3538
1.95 3538
1.95 3828
1.95 3828
1.95 3828
1.95 3828
1.95 3828
1.95 4205
1.95 4205
1.95 4205
1.95 4205
1.95 4205
1.95 4118
1.95 4118
1.95 4118
1.95 4118
1.95 4118
1.95 4060
1.95 4060
1.95 4060
1.95 4060
1.95 4060
1.95 3857
1.95 3857
1.95 3857
1.95 3857
1.95 3857
1.95 3973
1.95 3973
1.95 3973
1.95 3973
1.95 3973
1.95 3741
1.95 3741
1.95 3741
1.95 3741
1.95 3741
1.95 4205
1.95 4205
1.95 4205
1.95 4205
1.95 4205
1.95 3944
1.95 3944
1.95 3944
1.95 3944
1.95 3944
1.95 4118
1.95 4118
1.95 4118
1.95 4118
1.95 4118
1.95 3973
1.95 3973
1.95 3973
1.95 3973
1.95 3973
1.95 4002
1.95 4002
1.95 4002
1.95 4002
1.95 4002
1.95 4118
1.95 4118
1.95 4118
1.95 4118
1.95 4118
1.95 3538
1.95 3538
1.95 3538
1.95 3538
1.95 3538
1.95 3770
1.95 3770
1.95 3770
1.95 3770
1.95 3770
1.95 3886
1.95 3886
1.95 3886
1.95 3886
1.95 3886
1.95 3944
1.95 3944
1.95 3944
1.95 3944
1.95 3944
1.95 3828
1.95 3828
1.95 3828
1.95 3828
1.95 3828
1.95 3712
1.95 3712
1.95 3712
1.95 3712
1.95 3712
1.95 3364
1.95 3364
1.95 3364
1.95 3364
1.95 3364
1.95 3915
1.95 3915
1.95 3915
1.95 3915
1.95 3915
1.95 3973
1.95 3973
1.95 3973
1.95 3973
1.95 3973
1.95 3973
1.95 3973
1.95 3973
1.95 3973
1.95 3973
1.95 4147
1.95 4147
1.95 4147
1.95 4147
1.95 4147
1.95 3567
1.95 3567
1.95 3567
1.95 3567
1.95 3567
1.95 3654
1.95 3654
1.95 3654
1.95 3654
1.95 3654
1.95 3480
1.95 3480
1.95 3480
1.95 3480
1.95 3480
1.95 3567
1.95 3567
1.95 3567
1.95 3567
1.95 3567
1.95 3712
1.95 3712
1.95 3712
1.95 3712
1.95 3712
1.95 4089
1.95 4089
1.95 4089
1.95 4089
1.95 4089
1.95 3567
1.95 3567
1.95 3567
1.95 3567
1.95 3567
1.95 3741
1.95 3741
1.95 3741
1.95 3741
1.95 3741
1.95 3509
1.95 3509
1.95 3509
1.95 3509
1.95 3509
1.95 3828
1.95 3828
1.95 3828
1.95 3828
1.95 3828
1.95 3770
1.95 3770
1.95 3770
1.95 3770
1.95 3770
1.95 3944
1.95 3944
1.95 3944
1.95 3944
1.95 3944
1.95 4176
1.95 4176
1.95 4176
1.95 4176
1.95 4176
1.95 4089
1.95 4089
1.95 4089
1.95 4089
1.95 4089
1.95 2755
1.95 2755
1.95 2755
1.95 2755
1.95 2755
1.95 3364
1.95 3364
1.95 3364
1.95 3364
1.95 3364
1.95 3915
1.95 3915
1.95 3915
1.95 3915
1.95 3915
1.95 3915
1.95 3915
1.95 3915
1.95 3915
1.95 3915
1.95 3741
1.95 3741
1.95 3741
1.95 3741
1.95 3741
1.95 3364
1.95 3364
1.95 3364
1.95 3364
1.95 3364
1.95 3132
1.95 3132
1.95 3132
1.95 3132
1.95 3132
1.95 3335
1.95 3335
1.95 3335
1.95 3335
1.95 3335
1.95 3625
1.95 3625
1.95 3625
1.95 3625
1.95 3625
1.95 3567
1.95 3567
1.95 3567
1.95 3567
1.95 3567
1.95 3741
1.95 3741
1.95 3741
1.95 3741
1.95 3741
1.95 3973
1.95 3973
1.95 3973
1.95 3973
1.95 3973
1.95 3712
1.95 3712
1.95 3712
1.95 3712
1.95 3712
1.95 3306
1.95 3306
1.95 3306
1.95 3306
1.95 3306
1.95 3538
1.95 3538
1.95 3538
1.95 3538
1.95 3538
1.95 3857
1.95 3857
1.95 3857
1.95 3857
1.95 3857
1.95 3915
1.95 3915
1.95 3915
1.95 3915
1.95 3915
1.95 3567
1.95 3567
1.95 3567
1.95 3567
1.95 3567
1.95 3886
1.95 3886
1.95 3886
1.95 3886
1.95 3886
1.95 4002
1.95 4002
1.95 4002
1.95 4002
1.95 4002
1.95 4147
1.95 4147
1.95 4147
1.95 4147
1.95 4147
1.95 4031
1.95 4031
1.95 4031
1.95 4031
1.95 4031
1.95 3799
1.95 3799
1.95 3799
1.95 3799
1.95 3799
1.95 3886
1.95 3886
1.95 3886
1.95 3886
1.95 3886
1.95 3741
1.95 3741
1.95 3741
1.95 3741
1.95 3741
1.95 3596
1.95 3596
1.95 3596
1.95 3596
1.95 3596
1.95 3219
1.95 3219
1.95 3219
1.95 3219
1.95 3219
1.95 3683
1.95 3683
1.95 3683
1.95 3683
1.95 3683
1.95 3596
1.95 3596
1.95 3596
1.95 3596
1.95 3596
1.95 3509
1.95 3509
1.95 3509
1.95 3509
1.95 3509
1.95 3857
1.95 3857
1.95 3857
1.95 3857
1.95 3857
1.95 3712
1.95 3712
1.95 3712
1.95 3712
1.95 3712
1.95 3915
1.95 3915
1.95 3915
1.95 3915
1.95 3915
1.95 3596
1.95 3596
1.95 3596
1.95 3596
1.95 3596
1.95 3654
1.95 3654
1.95 3654
1.95 3654
1.95 3654
1.95 4002
1.95 4002
1.95 4002
1.95 4002
1.95 4002
1.95 3828
1.95 3828
1.95 3828
1.95 3828
1.95 3828
1.95 3886
1.95 3886
1.95 3886
1.95 3886
1.95 3886
1.95 3799
1.95 3799
1.95 3799
1.95 3799
1.95 3799
1.95 3625
1.95 3625
1.95 3625
1.95 3625
1.95 3625
1.95 4205
1.95 4205
1.95 4205
1.95 4205
1.95 4205
1.95 3886
1.95 3886
1.95 3886
1.95 3886
1.95 3886
1.95 3799
1.95 3799
1.95 3799
1.95 3799
1.95 3799
1.95 3770
1.95 3770
1.95 3770
1.95 3770
1.95 3770
1.95 3654
1.95 3654
1.95 3654
1.95 3654
1.95 3654
1.95 4031
1.95 4031
1.95 4031
1.95 4031
1.95 4031
1.95 3335
1.95 3335
1.95 3335
1.95 3335
1.95 3335
1.95 3712
1.95 3712
1.95 3712
1.95 3712
1.95 3712
1.95 3770
1.95 3770
1.95 3770
1.95 3770
1.95 3770
1.95 3886
1.95 3886
1.95 3886
1.95 3886
1.95 3886
1.95 3538
1.95 3538
1.95 3538
1.95 3538
1.95 3538
1.95 3538
1.95 3538
1.95 3538
1.95 3538
1.95 3538
1.95 3567
1.95 3567
1.95 3567
1.95 3567
1.95 3567
1.95 4234
1.95 4234
1.95 4234
1.95 4234
1.95 4234
1.95 3944
1.95 3944
1.95 3944
1.95 3944
1.95 3944
1.95 3828
1.95 3828
1.95 3828
1.95 3828
1.95 3828
1.95 3509
1.95 3509
1.95 3509
1.95 3509
1.95 3509
1.95 3741
1.95 3741
1.95 3741
1.95 3741
1.95 3741
1.95 4408
1.95 4408
1.95 4408
1.95 4408
1.95 4408
1.95 3625
1.95 3625
1.95 3625
1.95 3625
1.95 3625
1.95 4060
1.95 4060
1.95 4060
1.95 4060
1.95 4060
1.95 3857
1.95 3857
1.95 3857
1.95 3857
1.95 3857
1.95 4031
1.95 4031
1.95 4031
1.95 4031
1.95 4031
1.95 3857
1.95 3857
1.95 3857
1.95 3857
1.95 3857
1.95 4060
1.95 4060
1.95 4060
1.95 4060
1.95 4060
1.95 4234
1.95 4234
1.95 4234
1.95 4234
1.95 4234
1.95 3480
1.95 3480
1.95 3480
1.95 3480
1.95 3480
1.95 3625
1.95 3625
1.95 3625
1.95 3625
1.95 3625
1.95 3538
1.95 3538
1.95 3538
1.95 3538
1.95 3538
1.95 3770
1.95 3770
1.95 3770
1.95 3770
1.95 3770
1.95 3654
1.95 3654
1.95 3654
1.95 3654
1.95 3654
1.95 3596
1.95 3596
1.95 3596
1.95 3596
1.95 3596
1.95 3654
1.95 3654
1.95 3654
1.95 3654
1.95 3654
1.95 3509
1.95 3509
1.95 3509
1.95 3509
1.95 3509
1.95 3306
1.95 3306
1.95 3306
1.95 3306
1.95 3306
1.95 4002
1.95 4002
1.95 4002
1.95 4002
1.95 4002
1.95 3857
1.95 3857
1.95 3857
1.95 3857
1.95 3857
1.95 4263
1.95 4263
1.95 4263
1.95 4263
1.95 4263
1.95 4147
1.95 4147
1.95 4147
1.95 4147
1.95 4147
1.95 3712
1.95 3712
1.95 3712
1.95 3712
1.95 3712
1.95 3741
1.95 3741
1.95 3741
1.95 3741
1.95 3741
1.95 4031
1.95 4031
1.95 4031
1.95 4031
1.95 4031
1.95 4031
1.95 4031
1.95 4031
1.95 4031
1.95 4031
1.95 3828
1.95 3828
1.95 3828
1.95 3828
1.95 3828
1.95 4118
1.95 4118
1.95 4118
1.95 4118
1.95 4118
1.95 3973
1.95 3973
1.95 3973
1.95 3973
1.95 3973
1.95 3509
1.95 3509
1.95 3509
1.95 3509
1.95 3509
1.95 3828
1.95 3828
1.95 3828
1.95 3828
1.95 3828
1.95 4089
1.95 4089
1.95 4089
1.95 4089
1.95 4089
1.95 3799
1.95 3799
1.95 3799
1.95 3799
1.95 3799
1.95 4176
1.95 4176
1.95 4176
1.95 4176
1.95 4176
1.95 4553
1.95 4553
1.95 4553
1.95 4553
1.95 4553
1.95 4002
1.95 4002
1.95 4002
1.95 4002
1.95 4002
1.95 3973
1.95 3973
1.95 3973
1.95 3973
1.95 3973
1.95 3654
1.95 3654
1.95 3654
1.95 3654
1.95 3654
1.95 4089
1.95 4089
1.95 4089
1.95 4089
1.95 4089
1.95 3538
1.95 3538
1.95 3538
1.95 3538
1.95 3538
1.95 3886
1.95 3886
1.95 3886
1.95 3886
1.95 3886
1.95 3857
1.95 3857
1.95 3857
1.95 3857
1.95 3857
1.95 3857
1.95 3857
1.95 3857
1.95 3857
1.95 3857
1.95 3567
1.95 3567
1.95 3567
1.95 3567
1.95 3567
1.95 3828
1.95 3828
1.95 3828
1.95 3828
1.95 3828
1.95 4205
1.95 4205
1.95 4205
1.95 4205
1.95 4205
1.95 3480
1.95 3480
1.95 3480
1.95 3480
1.95 3480
1.95 3422
1.95 3422
1.95 3422
1.95 3422
1.95 3422
1.95 3683
1.95 3683
1.95 3683
1.95 3683
1.95 3683
1.95 3625
1.95 3625
1.95 3625
1.95 3625
1.95 3625
1.95 3277
1.95 3277
1.95 3277
1.95 3277
1.95 3277
1.95 3509
1.95 3509
1.95 3509
1.95 3509
1.95 3509
1.95 3625
1.95 3625
1.95 3625
1.95 3625
1.95 3625
1.95 4089
1.95 4089
1.95 4089
1.95 4089
1.95 4089
1.95 4060
1.95 4060
1.95 4060
1.95 4060
1.95 4060
1.95 3683
1.95 3683
1.95 3683
1.95 3683
1.95 3683
1.95 4060
1.95 4060
1.95 4060
1.95 4060
1.95 4060
1.95 4205
1.95 4205
1.95 4205
1.95 4205
1.95 4205
1.95 4002
1.95 4002
1.95 4002
1.95 4002
1.95 4002
1.95 3654
1.95 3654
1.95 3654
1.95 3654
1.95 3654
1.95 4205
1.95 4205
1.95 4205
1.95 4205
1.95 4205
1.95 4089
1.95 4089
1.95 4089
1.95 4089
1.95 4089
1.95 3654
1.95 3654
1.95 3654
1.95 3654
1.95 3654
1.95 4147
1.95 4147
1.95 4147
1.95 4147
1.95 4147
1.95 3770
1.95 3770
1.95 3770
1.95 3770
1.95 3770
1.95 4060
1.95 4060
1.95 4060
1.95 4060
1.95 4060
1.95 3886
1.95 3886
1.95 3886
1.95 3886
1.95 3886
1.95 4379
1.95 4379
1.95 4379
1.95 4379
1.95 4379
1.95 4437
1.95 4437
1.95 4437
1.95 4437
1.95 4437
1.95 4205
1.95 4205
1.95 4205
1.95 4205
1.95 4205
1.95 4379
1.95 4379
1.95 4379
1.95 4379
1.95 4379
1.95 3886
1.95 3886
1.95 3886
1.95 3886
1.95 3886
1.95 4669
1.95 4669
1.95 4669
1.95 4669
1.95 4669
1.95 3915
1.95 3915
1.95 3915
1.95 3915
1.95 3915
1.95 4437
1.95 4437
1.95 4437
1.95 4437
1.95 4437
1.95 3741
1.95 3741
1.95 3741
1.95 3741
1.95 3741
1.95 4205
1.95 4205
1.95 4205
1.95 4205
1.95 4205
1.95 3770
1.95 3770
1.95 3770
1.95 3770
1.95 3770
1.95 4466
1.95 4466
1.95 4466
1.95 4466
1.95 4466
1.95 4292
1.95 4292
1.95 4292
1.95 4292
1.95 4292
1.95 4089
1.95 4089
1.95 4089
1.95 4089
1.95 4089
1.95 4292
1.95 4292
1.95 4292
1.95 4292
1.95 4292
1.95 4263
1.95 4263
1.95 4263
1.95 4263
1.95 4263
1.95 4321
1.95 4321
1.95 4321
1.95 4321
1.95 4321
1.95 4002
1.95 4002
1.95 4002
1.95 4002
1.95 4002
1.95 4205
1.95 4205
1.95 4205
1.95 4205
1.95 4205
1.95 3944
1.95 3944
1.95 3944
1.95 3944
1.95 3944
1.95 4582
1.95 4582
1.95 4582
1.95 4582
1.95 4582
1.95 4727
1.95 4727
1.95 4727
1.95 4727
1.95 4727
1.95 4582
1.95 4582
1.95 4582
1.95 4582
1.95 4582
1.95 3712
1.95 3712
1.95 3712
1.95 3712
1.95 3712
1.95 4785
1.95 4785
1.95 4785
1.95 4785
1.95 4785
1.95 4640
1.95 4640
1.95 4640
1.95 4640
1.95 4640
1.95 5046
1.95 5046
1.95 5046
1.95 5046
1.95 5046
1.95 4321
1.95 4321
1.95 4321
1.95 4321
1.95 4321
1.95 4727
1.95 4727
1.95 4727
1.95 4727
1.95 4727
1.95 4727
1.95 4727
1.95 4727
1.95 4727
1.95 4727
1.95 4843
1.95 4843
1.95 4843
1.95 4843
1.95 4843
1.95 4437
1.95 4437
1.95 4437
1.95 4437
1.95 4437
1.95 5104
1.95 5104
1.95 5104
1.95 5104
1.95 5104
1.95 4785
1.95 4785
1.95 4785
1.95 4785
1.95 4785
1.95 4698
1.95 4698
1.95 4698
1.95 4698
1.95 4698
1.95 4756
1.95 4756
1.95 4756
1.95 4756
1.95 4756
1.95 4988
1.95 4988
1.95 4988
1.95 4988
1.95 4988
1.95 4727
1.95 4727
1.95 4727
1.95 4727
1.95 4727
1.95 4611
1.95 4611
1.95 4611
1.95 4611
1.95 4611
1.95 4640
1.95 4640
1.95 4640
1.95 4640
1.95 4640
1.95 4582
1.95 4582
1.95 4582
1.95 4582
1.95 4582
1.95 4176
1.95 4176
1.95 4176
1.95 4176
1.95 4176
1.95 5046
1.95 5046
