2.15 6032
2.15 6032
2.15 6032
2.15 6032
2.15 5742
2.15 5742
2.15 5742
2.15 5742
2.15 5742
2.15 5423
2.15 5423
2.15 5423
2.15 5423
2.15 5423
2.15 5423
2.15 5423
2.15 5423
2.15 5423
2.15 5423
2.15 6235
2.15 6235
2.15 6235
2.15 6235
2.15 6235
2.15 5423
2.15 5423
2.15 5423
2.15 5423
2.15 5423
2.15 5742
2.15 5742
2.15 5742
2.15 5742
2.15 5742
2.15 5742
2.15 5742
2.15 5742
2.15 5742
2.15 5742
2.15 5626
2.15 5626
2.15 5626
2.15 5626
2.15 5626
2.15 5887
2.15 5887
2.15 5887
2.15 5887
2.15 5887
2.15 5394
2.15 5394
2.15 5394
2.15 5394
2.15 5394
2.15 5365
2.15 5365
2.15 5365
2.15 5365
2.15 5365
2.15 5945
2.15 5945
2.15 5945
2.15 5945
2.15 5945
2.15 5568
2.15 5568
2.15 5568
2.15 5568
2.15 5568
2.15 5771
2.15 5771
2.15 5771
2.15 5771
2.15 5771
2.15 5713
2.15 5713
2.15 5713
2.15 5713
2.15 5713
2.15 5133
2.15 5133
2.15 5133
2.15 5133
2.15 5133
2.15 5684
2.15 5684
2.15 5684
2.15 5684
2.15 5684
2.15 5626
2.15 5626
2.15 5626
2.15 5626
2.15 5626
2.15 5829
2.15 5829
2.15 5829
2.15 5829
2.15 5829
2.15 5800
2.15 5800
2.15 5800
2.15 5800
2.15 5800
2.15 5423
2.15 5423
2.15 5423
2.15 5423
2.15 5423
2.15 5626
2.15 5626
2.15 5626
2.15 5626
2.15 5626
2.15 5887
2.15 5887
2.15 5887
2.15 5887
2.15 5887
2.15 5481
2.15 5481
2.15 5481
2.15 5481
2.15 5481
2.15 5800
2.15 5800
2.15 5800
2.15 5800
2.15 5800
2.15 5916
2.15 5916
2.15 5916
2.15 5916
2.15 5916
2.15 5568
2.15 5568
2.15 5568
2.15 5568
2.15 5568
2.15 5568
2.15 5568
2.15 5568
2.15 5568
2.15 5568
2.15 5742
2.15 5742
2.15 5742
2.15 5742
2.15 5742
2.15 5568
2.15 5568
2.15 5568
2.15 5568
2.15 5568
2.15 5887
2.15 5887
2.15 5887
2.15 5887
2.15 5887
2.15 6061
2.15 6061
2.15 6061
2.15 6061
2.15 6061
2.15 5916
2.15 5916
2.15 5916
2.15 5916
2.15 5916
2.15 5829
2.15 5829
2.15 5829
2.15 5829
2.15 5829
2.15 5278
2.15 5278
2.15 5278
2.15 5278
2.15 5278
2.15 4727
2.15 4727
2.15 4727
2.15 4727
2.15 4727
2.15 5800
2.15 5800
2.15 5800
2.15 5800
2.15 5800
2.15 5655
2.15 5655
2.15 5655
2.15 5655
2.15 5655
2.15 5829
2.15 5829
2.15 5829
2.15 5829
2.15 5829
2.15 5887
2.15 5887
2.15 5887
2.15 5887
2.15 5887
2.15 5829
2.15 5829
2.15 5829
2.15 5829
2.15 5829
2.15 6061
2.15 6061
2.15 6061
2.15 6061
2.15 6061
2.15 6090
2.15 6090
2.15 6090
2.15 6090
2.15 6090
2.15 6061
2.15 6061
2.15 6061
2.15 6061
2.15 6061
2.15 5452
2.15 5452
2.15 5452
2.15 5452
2.15 5452
2.15 5974
2.15 5974
2.15 5974
2.15 5974
2.15 5974
2.15 5771
2.15 5771
2.15 5771
2.15 5771
2.15 5771
2.15 5684
2.15 5684
2.15 5684
2.15 5684
2.15 5684
2.15 5713
2.15 5713
2.15 5713
2.15 5713
2.15 5713
2.15 6177
2.15 6177
2.15 6177
2.15 6177
2.15 6177
2.15 5945
2.15 5945
2.15 5945
2.15 5945
2.15 5945
2.15 5655
2.15 5655
2.15 5655
2.15 5655
2.15 5655
2.15 5626
2.15 5626
2.15 5626
2.15 5626
2.15 5626
2.15 5394
2.15 5394
2.15 5394
2.15 5394
2.15 5394
2.15 5684
2.15 5684
2.15 5684
2.15 5684
2.15 5684
2.15 5800
2.15 5800
2.15 5800
2.15 5800
2.15 5800
2.15 5916
2.15 5916
2.15 5916
2.15 5916
2.15 5916
2.15 5887
2.15 5887
2.15 5887
2.15 5887
2.15 5887
2.15 5829
2.15 5829
2.15 5829
2.15 5829
2.15 5829
2.15 5597
2.15 5597
2.15 5597
2.15 5597
2.15 5597
2.15 5800
2.15 5800
2.15 5800
2.15 5800
2.15 5800
2.15 5858
2.15 5858
2.15 5858
2.15 5858
2.15 5858
2.15 5829
2.15 5829
2.15 5829
2.15 5829
2.15 5829
2.15 6467
2.15 6467
2.15 6467
2.15 6467
2.15 6467
2.15 5858
2.15 5858
2.15 5858
2.15 5858
2.15 5858
2.15 5684
2.15 5684
2.15 5684
2.15 5684
2.15 5684
2.15 5800
2.15 5800
2.15 5800
2.15 5800
2.15 5800
2.15 5742
2.15 5742
2.15 5742
2.15 5742
2.15 5742
2.15 5974
2.15 5974
2.15 5974
2.15 5974
2.15 5974
2.15 5568
2.15 5568
2.15 5568
2.15 5568
2.15 5568
2.15 5916
2.15 5916
2.15 5916
2.15 5916
2.15 5916
2.15 5771
2.15 5771
2.15 5771
2.15 5771
2.15 5771
2.15 5887
2.15 5887
2.15 5887
2.15 5887
2.15 5887
2.15 5916
2.15 5916
2.15 5916
2.15 5916
2.15 5916
2.15 5452
2.15 5452
2.15 5452
2.15 5452
2.15 5452
2.15 5916
2.15 5916
2.15 5916
2.15 5916
2.15 5916
2.15 5713
2.15 5713
2.15 5713
2.15 5713
2.15 5713
2.15 5626
2.15 5626
2.15 5626
2.15 5626
2.15 5626
2.15 6032
2.15 6032
2.15 6032
2.15 6032
2.15 6032
2.15 6061
2.15 6061
2.15 6061
2.15 6061
2.15 6061
2.15 6119
2.15 6119
2.15 6119
2.15 6119
2.15 6119
2.15 5829
2.15 5829
2.15 5829
2.15 5829
2.15 5829
2.15 5916
2.15 5916
2.15 5916
2.15 5916
2.15 5916
2.15 5713
2.15 5713
2.15 5713
2.15 5713
2.15 5713
2.15 5829
2.15 5829
2.15 5829
2.15 5829
2.15 5829
2.15 5887
2.15 5887
2.15 5887
2.15 5887
2.15 5887
2.15 5974
2.15 5974
2.15 5974
2.15 5974
2.15 5974
2.15 6264
2.15 6264
2.15 6264
2.15 6264
2.15 6264
2.15 5945
2.15 5945
2.15 5945
2.15 5945
2.15 5945
2.15 5945
2.15 5945
2.15 5945
2.15 5945
2.15 5945
2.15 5684
2.15 5684
2.15 5684
2.15 5684
2.15 5684
2.15 5655
2.15 5655
2.15 5655
2.15 5655
2.15 5655
2.15 6235
2.15 6235
2.15 6235
2.15 6235
2.15 6235
2.15 6003
2.15 6003
2.15 6003
2.15 6003
2.15 6003
2.15 5887
2.15 5887
2.15 5887
2.15 5887
2.15 5887
2.15 5800
2.15 5800
2.15 5800
2.15 5800
2.15 5800
2.15 5481
2.15 5481
2.15 5481
2.15 5481
2.15 5481
2.15 6177
2.15 6177
2.15 6177
2.15 6177
2.15 6177
2.15 6032
2.15 6032
2.15 6032
2.15 6032
2.15 6032
2.15 5742
2.15 5742
2.15 5742
2.15 5742
2.15 5742
2.15 5713
2.15 5713
2.15 5713
2.15 5713
2.15 5713
2.15 5771
2.15 5771
2.15 5771
2.15 5771
2.15 5771
2.15 5742
2.15 5742
2.15 5742
2.15 5742
2.15 5742
2.15 5597
2.15 5597
2.15 5597
2.15 5597
2.15 5597
2.15 5597
2.15 5597
2.15 5597
2.15 5597
2.15 5597
2.15 5829
2.15 5829
2.15 5829
2.15 5829
2.15 5829
2.15 5742
2.15 5742
2.15 5742
2.15 5742
2.15 5742
2.15 6177
2.15 6177
2.15 6177
2.15 6177
2.15 6177
2.15 5974
2.15 5974
2.15 5974
2.15 5974
2.15 5974
2.15 5220
2.15 5220
2.15 5220
2.15 5220
2.15 5220
2.15 5684
2.15 5684
2.15 5684
2.15 5684
2.15 5684
2.15 6061
2.15 6061
2.15 6061
2.15 6061
2.15 6061
2.15 5771
2.15 5771
2.15 5771
2.15 5771
2.15 5771
2.15 5858
2.15 5858
2.15 5858
2.15 5858
2.15 5858
2.15 6322
2.15 6322
2.15 6322
2.15 6322
2.15 6322
2.15 6032
2.15 6032
2.15 6032
2.15 6032
2.15 6032
2.15 5800
2.15 5800
2.15 5800
2.15 5800
2.15 5800
2.15 5974
2.15 5974
2.15 5974
2.15 5974
2.15 5974
2.15 5771
2.15 5771
2.15 5771
2.15 5771
2.15 5771
2.15 5597
2.15 5597
2.15 5597
2.15 5597
2.15 5597
2.15 5887
2.15 5887
2.15 5887
2.15 5887
2.15 5887
2.15 5655
2.15 5655
2.15 5655
2.15 5655
2.15 5655
2.15 5597
2.15 5597
2.15 5597
2.15 5597
2.15 5597
2.15 5771
2.15 5771
2.15 5771
2.15 5771
2.15 5771
2.15 6032
2.15 6032
2.15 6032
2.15 6032
2.15 6032
2.15 5510
2.15 5510
2.15 5510
2.15 5510
2.15 5510
2.15 5336
2.15 5336
2.15 5336
2.15 5336
2.15 5336
2.15 5829
2.15 5829
2.15 5829
2.15 5829
2.15 5829
2.15 5191
2.15 5191
2.15 5191
2.15 5191
2.15 5191
2.15 5858
2.15 5858
2.15 5858
2.15 5858
2.15 5858
2.15 5829
2.15 5829
2.15 5829
2.15 5829
2.15 5829
2.15 5626
2.15 5626
2.15 5626
2.15 5626
2.15 5626
2.15 6206
2.15 6206
2.15 6206
2.15 6206
2.15 6206
2.15 5626
2.15 5626
2.15 5626
2.15 5626
2.15 5626
2.15 5510
2.15 5510
2.15 5510
2.15 5510
2.15 5510
2.15 5887
2.15 5887
2.15 5887
2.15 5887
2.15 5887
2.15 5829
2.15 5829
2.15 5829
2.15 5829
2.15 5829
2.15 5133
2.15 5133
2.15 5133
2.15 5133
2.15 5133
2.15 5452
2.15 5452
2.15 5452
2.15 5452
2.15 5452
2.15 5597
2.15 5597
2.15 5597
2.15 5597
2.15 5597
2.15 6206
2.15 6206
2.15 6206
2.15 6206
2.15 6206
2.15 5713
2.15 5713
2.15 5713
2.15 5713
2.15 5713
2.15 5713
2.15 5713
2.15 5713
2.15 5713
2.15 5713
2.15 5162
2.15 5162
2.15 5162
2.15 5162
2.15 5162
2.15 5539
2.15 5539
2.15 5539
2.15 5539
2.15 5539
2.15 5713
2.15 5713
2.15 5713
2.15 5713
2.15 5713
2.15 5771
2.15 5771
2.15 5771
2.15 5771
2.15 5771
2.15 5568
2.15 5568
2.15 5568
2.15 5568
2.15 5568
2.15 5220
2.15 5220
2.15 5220
2.15 5220
2.15 5220
2.15 5684
2.15 5684
2.15 5684
2.15 5684
2.15 5684
2.15 5713
2.15 5713
2.15 5713
2.15 5713
2.15 5713
2.15 5220
2.15 5220
2.15 5220
2.15 5220
2.15 5220
2.15 5510
2.15 5510
2.15 5510
2.15 5510
2.15 5510
2.15 5365
2.15 5365
2.15 5365
2.15 5365
2.15 5365
2.15 5713
2.15 5713
2.15 5713
2.15 5713
2.15 5713
2.15 6032
2.15 6032
2.15 6032
2.15 6032
2.15 6032
2.15 5423
2.15 5423
2.15 5423
2.15 5423
2.15 5423
2.15 5626
2.15 5626
2.15 5626
2.15 5626
2.15 5626
2.15 5452
2.15 5452
2.15 5452
2.15 5452
2.15 5452
2.15 5771
2.15 5771
2.15 5771
2.15 5771
2.15 5771
2.15 5278
2.15 5278
2.15 5278
2.15 5278
2.15 5278
2.15 5307
2.15 5307
2.15 5307
2.15 5307
2.15 5307
2.15 5829
2.15 5829
2.15 5829
2.15 5829
2.15 5829
2.15 5481
2.15 5481
2.15 5481
2.15 5481
2.15 5481
2.15 5597
2.15 5597
2.15 5597
2.15 5597
2.15 5597
2.15 5510
2.15 5510
2.15 5510
2.15 5510
2.15 5510
2.15 5626
2.15 5626
2.15 5626
2.15 5626
2.15 5626
2.15 5742
2.15 5742
2.15 5742
2.15 5742
2.15 5742
2.15 5568
2.15 5568
2.15 5568
2.15 5568
2.15 5568
2.15 5249
2.15 5249
2.15 5249
2.15 5249
2.15 5249
2.15 5452
2.15 5452
2.15 5452
2.15 5452
2.15 5452
2.15 5771
2.15 5771
2.15 5771
2.15 5771
2.15 5771
2.15 4930
2.15 4930
2.15 4930
2.15 4930
2.15 4930
2.15 5365
2.15 5365
2.15 5365
2.15 5365
2.15 5365
2.15 5597
2.15 5597
2.15 5597
2.15 5597
2.15 5597
2.15 4959
2.15 4959
2.15 4959
2.15 4959
2.15 4959
2.15 5597
2.15 5597
2.15 5597
2.15 5597
2.15 5597
2.15 5568
2.15 5568
2.15 5568
2.15 5568
2.15 5568
2.15 5626
2.15 5626
2.15 5626
2.15 5626
2.15 5626
2.15 5162
2.15 5162
2.15 5162
2.15 5162
2.15 5162
2.15 5336
2.15 5336
2.15 5336
2.15 5336
2.15 5336
2.15 5452
2.15 5452
2.15 5452
2.15 5452
2.15 5452
2.15 5423
2.15 5423
2.15 5423
2.15 5423
2.15 5423
2.15 5278
2.15 5278
2.15 5278
2.15 5278
2.15 5278
2.15 5249
2.15 5249
2.15 5249
2.15 5249
2.15 5249
2.15 5626
2.15 5626
2.15 5626
2.15 5626
2.15 5626
2.15 5713
2.15 5713
2.15 5713
2.15 5713
2.15 5713
2.15 5423
2.15 5423
2.15 5423
2.15 5423
2.15 5423
2.15 5220
2.15 5220
2.15 5220
2.15 5220
2.15 5220
2.15 5481
2.15 5481
2.15 5481
2.15 5481
2.15 5481
2.15 5539
2.15 5539
2.15 5539
2.15 5539
2.15 5539
2.15 5394
2.15 5394
2.15 5394
2.15 5394
2.15 5394
2.15 5568
2.15 5568
2.15 5568
2.15 5568
2.15 5568
2.15 5191
2.15 5191
2.15 5191
2.15 5191
2.15 5191
2.15 5336
2.15 5336
2.15 5336
2.15 5336
2.15 5336
2.15 5278
2.15 5278
2.15 5278
2.15 5278
2.15 5278
2.15 5017
2.15 5017
2.15 5017
2.15 5017
2.15 5017
2.15 5336
2.15 5336
2.15 5336
2.15 5336
2.15 5336
2.15 5539
2.15 5539
2.15 5539
2.15 5539
2.15 5539
2.15 5307
2.15 5307
2.15 5307
2.15 5307
2.15 5307
2.15 5423
2.15 5423
2.15 5423
2.15 5423
2.15 5423
2.15 5974
2.15 5974
2.15 5974
2.15 5974
2.15 5974
2.15 5800
2.15 5800
2.15 5800
2.15 5800
2.15 5800
2.15 5597
2.15 5597
2.15 5597
2.15 5597
2.15 5597
2.15 5162
2.15 5162
2.15 5162
2.15 5162
2.15 5162
2.15 4843
2.15 4843
2.15 4843
2.15 4843
2.15 4843
2.15 5075
2.15 5075
2.15 5075
2.15 5075
2.15 5075
2.15 5249
2.15 5249
2.15 5249
2.15 5249
2.15 5249
2.15 5307
2.15 5307
2.15 5307
2.15 5307
2.15 5307
2.15 4930
2.15 4930
2.15 4930
2.15 4930
2.15 4930
2.15 5046
2.15 5046
2.15 5046
2.15 5046
2.15 5046
2.15 5017
2.15 5017
2.15 5017
2.15 5017
2.15 5017
2.15 5278
2.15 5278
2.15 5278
2.15 5278
2.15 5278
2.15 5220
2.15 5220
2.15 5220
2.15 5220
2.15 5220
2.15 5626
2.15 5626
2.15 5626
2.15 5626
2.15 5626
2.15 5220
2.15 5220
2.15 5220
2.15 5220
2.15 5220
2.15 4988
2.15 4988
2.15 4988
2.15 4988
2.15 4988
2.15 5075
2.15 5075
2.15 5075
2.15 5075
2.15 5075
2.15 5191
2.15 5191
2.15 5191
2.15 5191
2.15 5191
2.15 4611
2.15 4611
2.15 4611
2.15 4611
2.15 4611
2.15 5162
2.15 5162
2.15 5162
2.15 5162
2.15 5162
2.15 5452
2.15 5452
2.15 5452
2.15 5452
2.15 5452
2.15 5481
2.15 5481
2.15 5481
2.15 5481
2.15 5481
2.15 5162
2.15 5162
2.15 5162
2.15 5162
2.15 5162
2.15 5046
2.15 5046
2.15 5046
2.15 5046
2.15 5046
2.15 5075
2.15 5075
2.15 5075
2.15 5075
2.15 5075
2.15 5249
2.15 5249
2.15 5249
2.15 5249
2.15 5249
2.15 5191
2.15 5191
2.15 5191
2.15 5191
2.15 5191
2.15 5336
2.15 5336
2.15 5336
2.15 5336
2.15 5336
2.15 5452
2.15 5452
2.15 5452
2.15 5452
2.15 5452
2.15 5597
2.15 5597
2.15 5597
2.15 5597
2.15 5597
2.15 5017
2.15 5017
2.15 5017
2.15 5017
2.15 5017
2.15 5075
2.15 5075
2.15 5075
2.15 5075
2.15 5075
2.15 4814
2.15 4814
2.15 4814
2.15 4814
2.15 4814
2.15 5336
2.15 5336
2.15 5336
2.15 5336
2.15 5336
2.15 5017
2.15 5017
2.15 5017
2.15 5017
2.15 5017
2.15 5075
2.15 5075
2.15 5075
2.15 5075
2.15 5075
2.15 5046
2.15 5046
2.15 5046
2.15 5046
2.15 5046
2.15 4698
2.15 4698
2.15 4698
2.15 4698
2.15 4698
2.15 5046
2.15 5046
2.15 5046
2.15 5046
2.15 5046
2.15 4901
2.15 4901
2.15 4901
2.15 4901
2.15 4901
2.15 5278
2.15 5278
2.15 5278
2.15 5278
2.15 5278
2.15 5191
2.15 5191
2.15 5191
2.15 5191
2.15 5191
2.15 5220
2.15 5220
2.15 5220
2.15 5220
2.15 5220
2.15 5220
2.15 5220
2.15 5220
2.15 5220
2.15 5220
2.15 4756
2.15 4756
2.15 4756
2.15 4756
2.15 4756
2.15 4901
2.15 4901
2.15 4901
2.15 4901
2.15 4901
2.15 5075
2.15 5075
2.15 5075
2.15 5075
2.15 5075
2.15 4872
2.15 4872
2.15 4872
2.15 4872
2.15 4872
2.15 5539
2.15 5539
2.15 5539
2.15 5539
2.15 5539
2.15 5423
2.15 5423
2.15 5423
2.15 5423
2.15 5423
2.15 5133
2.15 5133
2.15 5133
2.15 5133
2.15 5133
2.15 5394
2.15 5394
2.15 5394
2.15 5394
2.15 5394
2.15 5278
2.15 5278
2.15 5278
2.15 5278
2.15 5278
2.15 5075
2.15 5075
2.15 5075
2.15 5075
2.15 5075
2.15 5742
2.15 5742
2.15 5742
2.15 5742
2.15 5742
2.15 5017
2.15 5017
2.15 5017
2.15 5017
2.15 5017
2.15 5307
2.15 5307
2.15 5307
2.15 5307
2.15 5307
2.15 4553
2.15 4553
2.15 4553
2.15 4553
2.15 4553
2.15 4901
2.15 4901
2.15 4901
2.15 4901
2.15 4901
2.15 5017
2.15 5017
2.15 5017
2.15 5017
2.15 5017
2.15 4930
2.15 4930
2.15 4930
2.15 4930
2.15 4930
2.15 5162
2.15 5162
2.15 5162
2.15 5162
2.15 5162
2.15 4988
2.15 4988
2.15 4988
2.15 4988
2.15 4988
2.15 5191
2.15 5191
2.15 5191
2.15 5191
2.15 5191
2.15 4756
2.15 4756
2.15 4756
2.15 4756
2.15 4756
2.15 5075
2.15 5075
2.15 5075
2.15 5075
2.15 5075
2.15 4843
2.15 4843
2.15 4843
2.15 4843
2.15 4843
2.15 5162
2.15 5162
2.15 5162
2.15 5162
2.15 5162
2.15 4930
2.15 4930
2.15 4930
2.15 4930
2.15 4930
2.15 5568
2.15 5568
2.15 5568
2.15 5568
2.15 5568
2.15 5481
2.15 5481
2.15 5481
2.15 5481
2.15 5481
2.15 4872
2.15 4872
2.15 4872
2.15 4872
2.15 4872
2.15 5307
2.15 5307
2.15 5307
2.15 5307
2.15 5307
2.15 5162
2.15 5162
2.15 5162
2.15 5162
2.15 5162
2.15 4901
2.15 4901
2.15 4901
2.15 4901
2.15 4901
2.15 5336
2.15 5336
2.15 5336
2.15 5336
2.15 5336
2.15 5249
2.15 5249
2.15 5249
2.15 5249
2.15 5249
2.15 5278
2.15 5278
2.15 5278
2.15 5278
2.15 5278
2.15 5336
2.15 5336
2.15 5336
2.15 5336
2.15 5336
2.15 4785
2.15 4785
2.15 4785
2.15 4785
2.15 4785
2.15 4901
2.15 4901
2.15 4901
2.15 4901
2.15 4901
2.15 4959
2.15 4959
2.15 4959
2.15 4959
2.15 4959
2.15 5046
2.15 5046
2.15 5046
2.15 5046
2.15 5046
2.15 5075
2.15 5075
2.15 5075
2.15 5075
2.15 5075
2.15 4959
2.15 4959
2.15 4959
2.15 4959
2.15 4959
2.15 5394
2.15 5394
2.15 5394
2.15 5394
2.15 5394
2.15 4495
2.15 4495
2.15 4495
2.15 4495
2.15 4495
2.15 4437
2.15 4437
2.15 4437
2.15 4437
2.15 4437
2.15 4901
2.15 4901
2.15 4901
2.15 4901
2.15 4901
2.15 5162
2.15 5162
2.15 5162
2.15 5162
2.15 5162
2.15 5104
2.15 5104
2.15 5104
2.15 5104
2.15 5104
2.15 5017
2.15 5017
2.15 5017
2.15 5017
2.15 5017
2.15 5046
2.15 5046
2.15 5046
2.15 5046
2.15 5046
2.15 4959
2.15 4959
2.15 4959
2.15 4959
2.15 4959
2.15 5075
2.15 5075
2.15 5075
2.15 5075
2.15 5075
2.15 5104
2.15 5104
2.15 5104
2.15 5104
2.15 5104
2.15 5104
2.15 5104
2.15 5104
2.15 5104
2.15 5104
2.15 5133
2.15 5133
2.15 5133
2.15 5133
2.15 5133
2.15 5046
2.15 5046
2.15 5046
2.15 5046
2.15 5046
2.15 5075
2.15 5075
2.15 5075
2.15 5075
2.15 5075
2.15 4727
2.15 4727
2.15 4727
2.15 4727
2.15 4727
2.15 4930
2.15 4930
2.15 4930
2.15 4930
2.15 4930
2.15 4988
2.15 4988
2.15 4988
2.15 4988
2.15 4988
2.15 5220
2.15 5220
2.15 5220
2.15 5220
2.15 5220
2.15 4872
2.15 4872
2.15 4872
2.15 4872
2.15 4872
2.15 4843
2.15 4843
2.15 4843
2.15 4843
2.15 4843
2.15 5220
2.15 5220
2.15 5220
2.15 5220
2.15 5220
2.15 5365
2.15 5365
2.15 5365
2.15 5365
2.15 5365
2.15 4814
2.15 4814
2.15 4814
2.15 4814
2.15 4814
2.15 5423
2.15 5423
2.15 5423
2.15 5423
2.15 5423
2.15 4872
2.15 4872
2.15 4872
2.15 4872
2.15 4872
2.15 4988
2.15 4988
2.15 4988
2.15 4988
2.15 4988
2.15 5394
2.15 5394
2.15 5394
2.15 5394
2.15 5394
2.15 5162
2.15 5162
2.15 5162
2.15 5162
2.15 5162
2.15 4930
2.15 4930
2.15 4930
2.15 4930
2.15 4930
2.15 5191
2.15 5191
2.15 5191
2.15 5191
2.15 5191
2.15 5017
2.15 5017
2.15 5017
2.15 5017
2.15 5017
2.15 4698
2.15 4698
2.15 4698
2.15 4698
2.15 4698
2.15 5191
2.15 5191
2.15 5191
2.15 5191
2.15 5191
2.15 4901
2.15 4901
2.15 4901
2.15 4901
2.15 4901
2.15 5104
2.15 5104
2.15 5104
2.15 5104
2.15 5104
2.15 5510
2.15 5510
2.15 5510
2.15 5510
2.15 5510
2.15 5278
2.15 5278
2.15 5278
2.15 5278
2.15 5278
2.15 4930
2.15 4930
2.15 4930
2.15 4930
2.15 4930
2.15 4988
2.15 4988
2.15 4988
2.15 4988
2.15 4988
2.15 5452
2.15 5452
2.15 5452
2.15 5452
2.15 5452
2.15 4959
2.15 4959
2.15 4959
2.15 4959
2.15 4959
2.15 4901
2.15 4901
2.15 4901
2.15 4901
2.15 4901
2.15 4930
2.15 4930
2.15 4930
2.15 4930
2.15 4930
2.15 4959
2.15 4959
2.15 4959
2.15 4959
2.15 4959
2.15 4785
2.15 4785
2.15 4785
2.15 4785
2.15 4785
2.15 5133
2.15 5133
2.15 5133
2.15 5133
2.15 5133
2.15 5104
2.15 5104
2.15 5104
2.15 5104
2.15 5104
2.15 5191
2.15 5191
2.15 5191
2.15 5191
2.15 5191
2.15 5365
2.15 5365
2.15 5365
2.15 5365
2.15 5365
2.15 4756
2.15 4756
2.15 4756
2.15 4756
2.15 4756
2.15 5017
2.15 5017
2.15 5017
2.15 5017
2.15 5017
2.15 5423
2.15 5423
2.15 5423
2.15 5423
2.15 5423
2.15 5278
2.15 5278
2.15 5278
2.15 5278
2.15 5278
2.15 5220
2.15 5220
2.15 5220
2.15 5220
2.15 5220
2.15 5104
2.15 5104
2.15 5104
2.15 5104
2.15 5104
2.15 5365
2.15 5365
2.15 5365
2.15 5365
2.15 5365
2.15 5220
2.15 5220
2.15 5220
2.15 5220
2.15 5220
2.15 5220
2.15 5220
2.15 5220
2.15 5220
2.15 5220
2.15 5104
2.15 5104
2.15 5104
2.15 5104
2.15 5104
2.15 5278
2.15 5278
2.15 5278
2.15 5278
2.15 5278
2.15 5133
2.15 5133
2.15 5133
2.15 5133
2.15 5133
2.15 5365
2.15 5365
2.15 5365
2.15 5365
2.15 5365
2.15 4930
2.15 4930
2.15 4930
2.15 4930
2.15 4930
2.15 5220
2.15 5220
2.15 5220
2.15 5220
2.15 5220
2.15 5162
2.15 5162
2.15 5162
2.15 5162
2.15 5162
2.15 5046
2.15 5046
2.15 5046
2.15 5046
2.15 5046
2.15 5278
2.15 5278
2.15 5278
2.15 5278
2.15 5278
2.15 5046
2.15 5046
2.15 5046
2.15 5046
2.15 5046
2.15 5104
2.15 5104
2.15 5104
2.15 5104
2.15 5104
2.15 5104
2.15 5104
2.15 5104
2.15 5104
2.15 5104
2.15 4901
2.15 4901
2.15 4901
2.15 4901
2.15 4901
2.15 5278
2.15 5278
2.15 5278
2.15 5278
2.15 5278
2.15 5278
2.15 5278
2.15 5278
2.15 5278
2.15 5278
2.15 4872
2.15 4872
2.15 4872
2.15 4872
2.15 4872
2.15 5365
2.15 5365
2.15 5365
2.15 5365
2.15 5365
2.15 5307
2.15 5307
2.15 5307
2.15 5307
2.15 5307
2.15 5510
2.15 5510
2.15 5510
2.15 5510
2.15 5510
2.15 5104
2.15 5104
2.15 5104
2.15 5104
2.15 5104
2.15 5423
2.15 5423
2.15 5423
2.15 5423
2.15 5423
2.15 5104
2.15 5104
2.15 5104
2.15 5104
2.15 5104
2.15 5249
2.15 5249
2.15 5249
2.15 5249
2.15 5249
2.15 4988
2.15 4988
2.15 4988
2.15 4988
2.15 4988
2.15 5307
2.15 5307
2.15 5307
2.15 5307
2.15 5307
2.15 5365
2.15 5365
2.15 5365
2.15 5365
2.15 5365
2.15 4930
2.15 4930
2.15 4930
2.15 4930
2.15 4930
2.15 4872
2.15 4872
2.15 4872
2.15 4872
2.15 4872
2.15 5191
2.15 5191
2.15 5191
2.15 5191
2.15 5191
2.15 5249
2.15 5249
2.15 5249
2.15 5249
2.15 5249
2.15 4901
2.15 4901
2.15 4901
2.15 4901
2.15 4901
2.15 5104
2.15 5104
2.15 5104
2.15 5104
2.15 5104
2.15 4959
2.15 4959
2.15 4959
2.15 4959
2.15 4959
2.15 5307
2.15 5307
2.15 5307
2.15 5307
2.15 5307
2.15 5249
2.15 5249
2.15 5249
2.15 5249
2.15 5249
2.15 5249
2.15 5249
2.15 5249
2.15 5249
2.15 5249
2.15 5191
2.15 5191
2.15 5191
2.15 5191
2.15 5191
2.15 5104
2.15 5104
2.15 5104
2.15 5104
2.15 5104
2.15 5307
2.15 5307
2.15 5307
2.15 5307
2.15 5307
2.15 4901
2.15 4901
2.15 4901
2.15 4901
2.15 4901
2.15 5133
2.15 5133
2.15 5133
2.15 5133
2.15 5133
2.15 4988
2.15 4988
2.15 4988
2.15 4988
2.15 4988
2.15 5510
2.15 5510
2.15 5510
2.15 5510
2.15 5510
2.15 5104
2.15 5104
2.15 5104
2.15 5104
2.15 5104
2.15 4988
2.15 4988
2.15 4988
2.15 4988
2.15 4988
2.15 4901
2.15 4901
2.15 4901
2.15 4901
2.15 4901
2.15 5191
2.15 5191
2.15 5191
2.15 5191
2.15 5191
2.15 5452
2.15 5452
2.15 5452
2.15 5452
2.15 5452
2.15 5046
2.15 5046
2.15 5046
2.15 5046
2.15 5046
2.15 5481
2.15 5481
2.15 5481
2.15 5481
2.15 5481
2.15 5075
2.15 5075
2.15 5075
2.15 5075
2.15 5075
2.15 5104
2.15 5104
2.15 5104
2.15 5104
2.15 5104
2.15 4959
2.15 4959
2.15 4959
2.15 4959
2.15 4959
2.15 5423
2.15 5423
2.15 5423
2.15 5423
2.15 5423
2.15 5075
2.15 5075
2.15 5075
2.15 5075
2.15 5075
2.15 5104
2.15 5104
2.15 5104
2.15 5104
2.15 5104
2.15 5104
2.15 5104
2.15 5104
2.15 5104
2.15 5104
2.15 5539
2.15 5539
2.15 5539
2.15 5539
2.15 5539
2.15 5249
2.15 5249
2.15 5249
2.15 5249
2.15 5249
2.15 5365
2.15 5365
2.15 5365
2.15 5365
2.15 5365
2.15 4930
2.15 4930
2.15 4930
2.15 4930
2.15 4930
2.15 5307
2.15 5307
2.15 5307
2.15 5307
2.15 5307
2.15 5133
2.15 5133
2.15 5133
2.15 5133
2.15 5133
2.15 5423
2.15 5423
2.15 5423
2.15 5423
2.15 5423
2.15 5075
2.15 5075
2.15 5075
2.15 5075
2.15 5075
2.15 5249
2.15 5249
2.15 5249
2.15 5249
2.15 5249
2.15 5046
2.15 5046
2.15 5046
2.15 5046
2.15 5046
2.15 5017
2.15 5017
2.15 5017
2.15 5017
2.15 5017
2.15 5104
2.15 5104
2.15 5104
2.15 5104
2.15 5104
2.15 5104
2.15 5104
2.15 5104
2.15 5104
2.15 5104
2.15 5133
2.15 5133
2.15 5133
2.15 5133
2.15 5133
2.15 5249
2.15 5249
2.15 5249
2.15 5249
2.15 5249
2.15 5307
2.15 5307
2.15 5307
2.15 5307
2.15 5307
2.15 5365
2.15 5365
2.15 5365
2.15 5365
2.15 5365
2.15 5278
2.15 5278
2.15 5278
2.15 5278
2.15 5278
2.15 5220
2.15 5220
2.15 5220
2.15 5220
2.15 5220
2.15 5191
2.15 5191
2.15 5191
2.15 5191
2.15 5191
2.15 5423
2.15 5423
2.15 5423
2.15 5423
2.15 5423
2.15 5307
2.15 5307
2.15 5307
2.15 5307
2.15 5307
2.15 4843
2.15 4843
2.15 4843
2.15 4843
2.15 4843
2.15 4640
2.15 4640
2.15 4640
2.15 4640
2.15 4640
2.15 5191
2.15 5191
2.15 5191
2.15 5191
2.15 5191
2.15 5307
2.15 5307
2.15 5307
2.15 5307
2.15 5307
2.15 5394
2.15 5394
2.15 5394
2.15 5394
2.15 5394
2.15 5394
2.15 5394
2.15 5394
2.15 5394
2.15 5394
2.15 5307
2.15 5307
2.15 5307
2.15 5307
2.15 5307
2.15 5394
2.15 5394
2.15 5394
2.15 5394
2.15 5394
2.15 5481
2.15 5481
2.15 5481
2.15 5481
2.15 5481
2.15 5133
2.15 5133
2.15 5133
2.15 5133
2.15 5133
2.15 5307
2.15 5307
2.15 5307
2.15 5307
2.15 5307
2.15 5278
2.15 5278
2.15 5278
2.15 5278
2.15 5278
2.15 5307
2.15 5307
2.15 5307
2.15 5307
2.15 5307
2.15 5191
2.15 5191
2.15 5191
2.15 5191
2.15 5191
2.15 5307
2.15 5307
2.15 5307
2.15 5307
2.15 5307
2.15 5510
2.15 5510
2.15 5510
2.15 5510
2.15 5510
2.15 4901
2.15 4901
2.15 4901
2.15 4901
2.15 4901
2.15 5104
2.15 5104
2.15 5104
2.15 5104
2.15 5104
2.15 5133
2.15 5133
2.15 5133
2.15 5133
2.15 5133
2.15 4843
2.15 4843
2.15 4843
2.15 4843
2.15 4843
2.15 5191
2.15 5191
2.15 5191
2.15 5191
2.15 5191
2.15 5365
2.15 5365
2.15 5365
2.15 5365
2.15 5365
2.15 4988
2.15 4988
2.15 4988
2.15 4988
2.15 4988
2.15 5075
2.15 5075
2.15 5075
2.15 5075
2.15 5075
2.15 5394
2.15 5394
2.15 5394
2.15 5394
2.15 5394
2.15 5539
2.15 5539
2.15 5539
2.15 5539
2.15 5539
2.15 5249
2.15 5249
2.15 5249
2.15 5249
2.15 5249
2.15 4843
2.15 4843
2.15 4843
2.15 4843
2.15 4843
2.15 5133
2.15 5133
2.15 5133
2.15 5133
2.15 5133
2.15 4698
2.15 4698
2.15 4698
2.15 4698
2.15 4698
2.15 5191
2.15 5191
2.15 5191
2.15 5191
2.15 5191
2.15 4814
2.15 4814
2.15 4814
2.15 4814
2.15 4814
2.15 4553
2.15 4553
2.15 4553
2.15 4553
2.15 4553
2.15 5307
2.15 5307
2.15 5307
2.15 5307
2.15 5307
2.15 5104
2.15 5104
2.15 5104
2.15 5104
2.15 5104
2.15 5075
2.15 5075
2.15 5075
2.15 5075
2.15 5075
2.15 5220
2.15 5220
2.15 5220
2.15 5220
2.15 5220
2.15 5191
2.15 5191
2.15 5191
2.15 5191
2.15 5191
2.15 5191
2.15 5191
2.15 5191
2.15 5191
2.15 5191
2.15 5336
2.15 5336
2.15 5336
2.15 5336
2.15 5336
2.15 5713
2.15 5713
2.15 5713
2.15 5713
2.15 5713
2.15 5423
2.15 5423
2.15 5423
2.15 5423
2.15 5423
2.15 5481
2.15 5481
2.15 5481
2.15 5481
2.15 5481
2.15 5278
2.15 5278
2.15 5278
2.15 5278
2.15 5278
2.15 5336
2.15 5336
2.15 5336
2.15 5336
2.15 5336
2.15 5742
2.15 5742
2.15 5742
2.15 5742
2.15 5742
2.15 5626
2.15 5626
2.15 5626
2.15 5626
2.15 5626
2.15 5394
2.15 5394
2.15 5394
2.15 5394
2.15 5394
2.15 5539
2.15 5539
2.15 5539
2.15 5539
2.15 5539
2.15 5220
2.15 5220
2.15 5220
2.15 5220
2.15 5220
2.15 5075
2.15 5075
2.15 5075
2.15 5075
2.15 5075
2.15 5336
2.15 5336
2.15 5336
2.15 5336
2.15 5336
2.15 5597
2.15 5597
2.15 5597
2.15 5597
2.15 5597
2.15 5481
2.15 5481
2.15 5481
2.15 5481
2.15 5481
2.15 5220
2.15 5220
2.15 5220
2.15 5220
2.15 5220
2.15 5249
2.15 5249
2.15 5249
2.15 5249
2.15 5249
2.15 5597
2.15 5597
2.15 5597
2.15 5597
2.15 5597
2.15 5394
2.15 5394
2.15 5394
2.15 5394
2.15 5394
2.15 5510
2.15 5510
2.15 5510
2.15 5510
2.15 5510
2.15 5249
2.15 5249
2.15 5249
2.15 5249
2.15 5249
2.15 5162
2.15 5162
2.15 5162
2.15 5162
2.15 5162
2.15 5336
2.15 5336
2.15 5336
2.15 5336
2.15 5336
2.15 5220
2.15 5220
2.15 5220
2.15 5220
2.15 5220
2.15 5336
2.15 5336
2.15 5336
2.15 5336
2.15 5336
2.15 5394
2.15 5394
2.15 5394
2.15 5394
2.15 5394
2.15 5133
2.15 5133
2.15 5133
2.15 5133
2.15 5133
2.15 5307
2.15 5307
2.15 5307
2.15 5307
2.15 5307
2.15 5423
2.15 5423
2.15 5423
2.15 5423
2.15 5423
2.15 5307
2.15 5307
2.15 5307
2.15 5307
2.15 5307
2.15 5104
2.15 5104
2.15 5104
2.15 5104
2.15 5104
2.15 5278
2.15 5278
2.15 5278
2.15 5278
2.15 5278
2.15 5162
2.15 5162
2.15 5162
2.15 5162
2.15 5162
2.15 5220
2.15 5220
2.15 5220
2.15 5220
2.15 5220
2.15 5481
2.15 5481
2.15 5481
2.15 5481
2.15 5481
2.15 5249
2.15 5249
2.15 5249
2.15 5249
2.15 5249
2.15 5104
2.15 5104
2.15 5104
2.15 5104
2.15 5104
2.15 5278
2.15 5278
2.15 5278
2.15 5278
2.15 5278
2.15 5133
2.15 5133
2.15 5133
2.15 5133
2.15 5133
2.15 4988
2.15 4988
2.15 4988
2.15 4988
2.15 4988
2.15 5423
2.15 5423
2.15 5423
2.15 5423
2.15 5423
2.15 4843
2.15 4843
2.15 4843
2.15 4843
2.15 4843
2.15 5133
2.15 5133
2.15 5133
2.15 5133
2.15 5133
2.15 5162
2.15 5162
2.15 5162
2.15 5162
2.15 5162
2.15 5394
2.15 5394
2.15 5394
2.15 5394
2.15 5394
2.15 4843
2.15 4843
2.15 4843
2.15 4843
2.15 4843
2.15 5626
2.15 5626
2.15 5626
2.15 5626
2.15 5626
2.15 5075
2.15 5075
2.15 5075
2.15 5075
2.15 5075
2.15 5626
2.15 5626
2.15 5626
2.15 5626
2.15 5626
2.15 5104
2.15 5104
2.15 5104
2.15 5104
2.15 5104
2.15 5713
2.15 5713
2.15 5713
2.15 5713
2.15 5713
2.15 5133
2.15 5133
2.15 5133
2.15 5133
2.15 5133
2.15 5307
2.15 5307
2.15 5307
2.15 5307
2.15 5307
2.15 5191
2.15 5191
2.15 5191
2.15 5191
2.15 5191
2.15 4988
2.15 4988
2.15 4988
2.15 4988
2.15 4988
2.15 5481
2.15 5481
2.15 5481
2.15 5481
2.15 5481
2.15 5916
2.15 5916
2.15 5916
2.15 5916
2.15 5916
2.15 6032
2.15 6032
2.15 6032
2.15 6032
2.15 6032
2.15 5481
2.15 5481
2.15 5481
2.15 5481
2.15 5481
2.15 5771
2.15 5771
2.15 5771
2.15 5771
2.15 5771
2.15 5626
2.15 5626
2.15 5626
2.15 5626
2.15 5626
2.15 5597
2.15 5597
2.15 5597
2.15 5597
2.15 5597
2.15 5684
2.15 5684
2.15 5684
2.15 5684
2.15 5684
2.15 5133
2.15 5133
2.15 5133
2.15 5133
2.15 5133
2.15 5481
2.15 5481
2.15 5481
2.15 5481
2.15 5481
2.15 5597
2.15 5597
2.15 5597
2.15 5597
2.15 5597
2.15 5684
2.15 5684
2.15 5684
2.15 5684
2.15 5684
2.15 5394
2.15 5394
2.15 5394
2.15 5394
2.15 5394
2.15 5684
2.15 5684
2.15 5684
2.15 5684
2.15 5684
2.15 5481
2.15 5481
2.15 5481
2.15 5481
2.15 5481
2.15 5278
2.15 5278
2.15 5278
2.15 5278
2.15 5278
2.15 5742
2.15 5742
2.15 5742
2.15 5742
2.15 5742
2.15 5858
2.15 5858
2.15 5858
2.15 5858
2.15 5858
2.15 5800
2.15 5800
2.15 5800
2.15 5800
2.15 5800
2.15 5742
2.15 5742
2.15 5742
2.15 5742
