1.95 116379 0
1.95 116379 0
1.95 116379 0
1.95 116379 0
1.95 116379 0
1.95 116882 0
1.95 116882 0
1.95 116882 0
1.95 116882 0
1.95 116882 0
1.95 117386 58
1.95 117386 58
1.95 117386 58
1.95 117386 58
1.95 117386 58
1.95 117890 1189
1.95 117890 1189
1.95 117890 1189
1.95 117890 1189
1.95 117890 1189
1.95 118393 3045
1.95 118393 3045
1.95 118393 3045
1.95 118393 3045
1.95 118393 3045
1.95 118897 3799
1.95 118897 3799
1.95 118897 3799
1.95 118897 3799
1.95 118897 3799
1.95 119402 4089
1.95 119402 4089
1.95 119402 4089
1.95 119402 4089
1.95 119402 4089
1.95 119906 3828
1.95 119906 3828
1.95 119906 3828
1.95 119906 3828
1.95 119906 3828
1.95 120410 3596
1.95 120410 3596
1.95 120410 3596
1.95 120410 3596
1.95 120410 3596
1.95 120914 4408
1.95 120914 4408
1.95 120914 4408
1.95 120914 4408
1.95 120914 4408
1.95 121418 4495
1.95 121418 4495
1.95 121418 4495
1.95 121418 4495
1.95 121418 4495
1.95 121922 4959
1.95 121922 4959
1.95 121922 4959
1.95 121922 4959
1.95 121922 4959
1.95 122427 4350
1.95 122427 4350
1.95 122427 4350
1.95 122427 4350
1.95 122427 4350
1.95 122931 4814
1.95 122931 4814
1.95 122931 4814
1.95 122931 4814
1.95 122931 4814
1.95 123435 3335
1.95 123435 3335
1.95 123435 3335
1.95 123435 3335
1.95 123435 3335
1.95 123938 4031
1.95 123938 4031
1.95 123938 4031
1.95 123938 4031
1.95 123938 4031
1.95 124443 4147
1.95 124443 4147
1.95 124443 4147
1.95 124443 4147
1.95 124443 4147
1.95 124947 3886
1.95 124947 3886
1.95 124947 3886
1.95 124947 3886
1.95 124947 3886
1.95 125451 4611
1.95 125451 4611
1.95 125451 4611
1.95 125451 4611
1.95 125451 4611
1.95 125956 4321
1.95 125956 4321
1.95 125956 4321
1.95 125956 4321
1.95 125956 4321
1.95 126459 4292
1.95 126459 4292
1.95 126459 4292
1.95 126459 4292
1.95 126459 4292
1.95 126963 4669
1.95 126963 4669
1.95 126963 4669
1.95 126963 4669
1.95 126963 4669
1.95 127467 4437
1.95 127467 4437
1.95 127467 4437
1.95 127467 4437
1.95 127467 4437
1.95 127972 4669
1.95 127972 4669
1.95 127972 4669
1.95 127972 4669
1.95 127972 4669
1.95 128476 4524
1.95 128476 4524
1.95 128476 4524
1.95 128476 4524
1.95 128476 4524
1.95 128979 4901
1.95 128979 4901
1.95 128979 4901
1.95 128979 4901
1.95 128979 4901
1.95 129484 4350
1.95 129484 4350
1.95 129484 4350
1.95 129484 4350
1.95 129484 4350
1.95 129988 4669
1.95 129988 4669
1.95 129988 4669
1.95 129988 4669
1.95 129988 4669
1.95 130492 3944
1.95 130492 3944
1.95 130492 3944
1.95 130492 3944
1.95 130492 3944
1.95 130997 3973
1.95 130997 3973
1.95 130997 3973
1.95 130997 3973
1.95 130997 3973
1.95 131501 2929
1.95 131501 2929
1.95 131501 2929
1.95 131501 2929
1.95 131501 2929
1.95 132004 4669
1.95 132004 4669
1.95 132004 4669
1.95 132004 4669
1.95 132004 4669
1.95 132508 4553
1.95 132508 4553
1.95 132508 4553
1.95 132508 4553
1.95 132508 4553
1.95 133013 4814
1.95 133013 4814
1.95 133013 4814
1.95 133013 4814
1.95 133013 4814
1.95 133517 4901
1.95 133517 4901
1.95 133517 4901
1.95 133517 4901
1.95 133517 4901
1.95 134021 4582
1.95 134021 4582
1.95 134021 4582
1.95 134021 4582
1.95 134021 4582
1.95 134525 5075
1.95 134525 5075
1.95 134525 5075
1.95 134525 5075
1.95 134525 5075
1.95 135029 4234
1.95 135029 4234
1.95 135029 4234
1.95 135029 4234
1.95 135029 4234
1.95 135533 2900
1.95 135533 2900
1.95 135533 2900
1.95 135533 2900
1.95 135533 2900
1.95 136037 58
1.95 136037 58
1.95 136037 58
1.95 136037 58
1.95 136037 58
1.95 136541 667
1.95 136541 667
1.95 136541 667
1.95 136541 667
1.95 136541 667
1.95 137044 2668
1.95 137044 2668
1.95 137044 2668
1.95 137044 2668
1.95 137044 2668
1.95 137549 3509
1.95 137549 3509
1.95 137549 3509
1.95 137549 3509
1.95 137549 3509
1.95 138053 3915
1.95 138053 3915
1.95 138053 3915
1.95 138053 3915
1.95 138053 3915
1.95 138557 3741
1.95 138557 3741
1.95 138557 3741
1.95 138557 3741
1.95 138557 3741
1.95 139061 4321
1.95 139061 4321
1.95 139061 4321
1.95 139061 4321
1.95 139061 4321
1.95 139566 4263
1.95 139566 4263
1.95 139566 4263
1.95 139566 4263
1.95 139566 4263
1.95 140069 3393
1.95 140069 3393
1.95 140069 3393
1.95 140069 3393
1.95 140069 3393
1.95 140573 4292
1.95 140573 4292
1.95 140573 4292
1.95 140573 4292
1.95 140573 4292
1.95 141078 4582
1.95 141078 4582
1.95 141078 4582
1.95 141078 4582
1.95 141078 4582
1.95 141582 4553
1.95 141582 4553
1.95 141582 4553
1.95 141582 4553
1.95 141582 4553
1.95 142086 4814
1.95 142086 4814
1.95 142086 4814
1.95 142086 4814
1.95 142086 4814
1.95 142590 4379
1.95 142590 4379
1.95 142590 4379
1.95 142590 4379
1.95 142590 4379
1.95 143094 4379
1.95 143094 4379
1.95 143094 4379
1.95 143094 4379
1.95 143094 4379
1.95 143598 5510
1.95 143598 5510
1.95 143598 5510
1.95 143598 5510
1.95 143598 5510
1.95 144102 4350
1.95 144102 4350
1.95 144102 4350
1.95 144102 4350
1.95 144102 4350
1.95 144607 4089
1.95 144607 4089
1.95 144607 4089
1.95 144607 4089
1.95 144607 4089
1.95 145111 4118
1.95 145111 4118
1.95 145111 4118
1.95 145111 4118
1.95 145111 4118
1.95 145614 3915
1.95 145614 3915
1.95 145614 3915
1.95 145614 3915
1.95 145614 3915
1.95 146119 4292
1.95 146119 4292
1.95 146119 4292
1.95 146119 4292
1.95 146119 4292
1.95 146623 4640
1.95 146623 4640
1.95 146623 4640
1.95 146623 4640
1.95 146623 4640
1.95 147127 5220
1.95 147127 5220
1.95 147127 5220
1.95 147127 5220
1.95 147127 5220
1.95 147632 4553
1.95 147632 4553
1.95 147632 4553
1.95 147632 4553
1.95 147632 4553
1.95 148135 5046
1.95 148135 5046
1.95 148135 5046
1.95 148135 5046
1.95 148135 5046
1.95 148639 5017
1.95 148639 5017
1.95 148639 5017
1.95 148639 5017
1.95 148639 5017
1.95 149143 5017
1.95 149143 5017
1.95 149143 5017
1.95 149143 5017
1.95 149143 5017
1.95 149648 4872
1.95 149648 4872
1.95 149648 4872
1.95 149648 4872
1.95 149648 4872
1.95 150152 6293
1.95 150152 6293
1.95 150152 6293
1.95 150152 6293
1.95 150152 6293
1.95 150656 4582
1.95 150656 4582
1.95 150656 4582
1.95 150656 4582
1.95 150656 4582
1.95 151160 4553
1.95 151160 4553
1.95 151160 4553
1.95 151160 4553
1.95 151160 4553
1.95 151664 4756
1.95 151664 4756
1.95 151664 4756
1.95 151664 4756
1.95 151664 4756
1.95 152168 4031
1.95 152168 4031
1.95 152168 4031
1.95 152168 4031
1.95 152168 4031
1.95 152673 4959
1.95 152673 4959
1.95 152673 4959
1.95 152673 4959
1.95 152673 4959
1.95 153177 5075
1.95 153177 5075
1.95 153177 5075
1.95 153177 5075
1.95 153177 5075
1.95 153680 4843
1.95 153680 4843
1.95 153680 4843
1.95 153680 4843
1.95 153680 4843
1.95 154184 4640
1.95 154184 4640
1.95 154184 4640
1.95 154184 4640
1.95 154184 4640
1.95 154689 4350
1.95 154689 4350
1.95 154689 4350
1.95 154689 4350
1.95 154689 4350
1.95 155193 4553
1.95 155193 4553
1.95 155193 4553
1.95 155193 4553
1.95 155193 4553
1.95 155697 4350
1.95 155697 4350
1.95 155697 4350
1.95 155697 4350
1.95 155697 4350
1.95 156201 4263
1.95 156201 4263
1.95 156201 4263
1.95 156201 4263
1.95 156201 4263
1.95 156705 4089
1.95 156705 4089
1.95 156705 4089
1.95 156705 4089
1.95 156705 4089
1.95 157209 4553
1.95 157209 4553
1.95 157209 4553
1.95 157209 4553
1.95 157209 4553
1.95 157714 3973
1.95 157714 3973
1.95 157714 3973
1.95 157714 3973
1.95 157714 3973
1.95 158218 4321
1.95 158218 4321
1.95 158218 4321
1.95 158218 4321
1.95 158218 4321
1.95 158722 4640
1.95 158722 4640
1.95 158722 4640
1.95 158722 4640
1.95 158722 4640
1.95 159225 5133
1.95 159225 5133
1.95 159225 5133
1.95 159225 5133
1.95 159225 5133
1.95 159730 5046
1.95 159730 5046
1.95 159730 5046
1.95 159730 5046
1.95 159730 5046
1.95 160234 4698
1.95 160234 4698
1.95 160234 4698
1.95 160234 4698
1.95 160234 4698
1.95 160738 1508
1.95 160738 1508
1.95 160738 1508
1.95 160738 1508
1.95 160738 1508
1.95 161243 0
1.95 161243 0
1.95 161243 0
1.95 161243 0
1.95 161243 0
1.95 161745 0
1.95 161745 0
1.95 161745 0
1.95 161745 0
1.95 161745 0
1.95 162249 261
1.95 162249 261
1.95 162249 261
1.95 162249 261
1.95 162249 261
1.95 162753 2175
1.95 162753 2175
1.95 162753 2175
1.95 162753 2175
1.95 162753 2175
1.95 163257 3480
1.95 163257 3480
1.95 163257 3480
1.95 163257 3480
1.95 163257 3480
1.95 163761 3944
1.95 163761 3944
1.95 163761 3944
1.95 163761 3944
1.95 163761 3944
1.95 164265 4379
1.95 164265 4379
1.95 164265 4379
1.95 164265 4379
1.95 164265 4379
1.95 164769 4785
1.95 164769 4785
1.95 164769 4785
1.95 164769 4785
1.95 164769 4785
1.95 165273 4321
1.95 165273 4321
1.95 165273 4321
1.95 165273 4321
1.95 165273 4321
1.95 165777 4930
1.95 165777 4930
1.95 165777 4930
1.95 165777 4930
1.95 165777 4930
1.95 166282 4379
1.95 166282 4379
1.95 166282 4379
1.95 166282 4379
1.95 166282 4379
1.95 166786 4350
1.95 166786 4350
1.95 166786 4350
1.95 166786 4350
1.95 166786 4350
1.95 167289 4553
1.95 167289 4553
1.95 167289 4553
1.95 167289 4553
1.95 167289 4553
1.95 167794 4466
1.95 167794 4466
1.95 167794 4466
1.95 167794 4466
1.95 167794 4466
1.95 168298 4669
1.95 168298 4669
1.95 168298 4669
1.95 168298 4669
1.95 168298 4669
1.95 168802 4698
1.95 168802 4698
1.95 168802 4698
1.95 168802 4698
1.95 168802 4698
1.95 169306 4553
1.95 169306 4553
1.95 169306 4553
1.95 169306 4553
1.95 169306 4553
1.95 169810 4727
1.95 169810 4727
1.95 169810 4727
1.95 169810 4727
1.95 169810 4727
1.95 170314 4350
1.95 170314 4350
1.95 170314 4350
1.95 170314 4350
1.95 170314 4350
1.95 170818 4669
1.95 170818 4669
1.95 170818 4669
1.95 170818 4669
1.95 170818 4669
1.95 171323 4872
1.95 171323 4872
1.95 171323 4872
1.95 171323 4872
1.95 171323 4872
1.95 171827 4437
1.95 171827 4437
1.95 171827 4437
1.95 171827 4437
1.95 171827 4437
1.95 172331 4205
1.95 172331 4205
1.95 172331 4205
1.95 172331 4205
1.95 172331 4205
1.95 172834 4002
1.95 172834 4002
1.95 172834 4002
1.95 172834 4002
1.95 172834 4002
1.95 173339 4872
1.95 173339 4872
1.95 173339 4872
1.95 173339 4872
1.95 173339 4872
1.95 173843 4553
1.95 173843 4553
1.95 173843 4553
1.95 173843 4553
1.95 173843 4553
1.95 174347 4727
1.95 174347 4727
1.95 174347 4727
1.95 174347 4727
1.95 174347 4727
1.95 174852 4408
1.95 174852 4408
1.95 174852 4408
1.95 174852 4408
1.95 174852 4408
1.95 175355 4959
1.95 175355 4959
1.95 175355 4959
1.95 175355 4959
1.95 175355 4959
1.95 175859 4611
1.95 175859 4611
1.95 175859 4611
1.95 175859 4611
1.95 175859 4611
1.95 176364 4872
1.95 176364 4872
1.95 176364 4872
1.95 176364 4872
1.95 176364 4872
1.95 176868 6728
1.95 176868 6728
1.95 176868 6728
1.95 176868 6728
1.95 176868 6728
1.95 177372 6989
1.95 177372 6989
1.95 177372 6989
1.95 177372 6989
1.95 177372 6989
1.95 177875 4698
1.95 177875 4698
1.95 177875 4698
1.95 177875 4698
1.95 177875 4698
1.95 178380 4437
1.95 178380 4437
1.95 178380 4437
1.95 178380 4437
1.95 178380 4437
1.95 178884 2755
1.95 178884 2755
1.95 178884 2755
1.95 178884 2755
1.95 178884 2755
1.95 179388 0
1.95 179388 0
1.95 179388 0
1.95 179388 0
1.95 179388 0
1.95 179892 0
1.95 179892 0
1.95 179892 0
1.95 179892 0
1.95 179892 0
1.95 180395 145
1.95 180395 145
1.95 180395 145
1.95 180395 145
1.95 180395 145
1.95 180898 1827
1.95 180898 1827
1.95 180898 1827
1.95 180898 1827
1.95 180898 1827
1.95 181403 2610
1.95 181403 2610
1.95 181403 2610
1.95 181403 2610
1.95 181403 2610
1.95 181907 4002
1.95 181907 4002
1.95 181907 4002
1.95 181907 4002
1.95 181907 4002
1.95 182411 4147
1.95 182411 4147
1.95 182411 4147
1.95 182411 4147
1.95 182411 4147
1.95 182916 3480
1.95 182916 3480
1.95 182916 3480
1.95 182916 3480
1.95 182916 3480
1.95 183419 4959
1.95 183419 4959
1.95 183419 4959
1.95 183419 4959
1.95 183419 4959
1.95 183923 4582
1.95 183923 4582
1.95 183923 4582
1.95 183923 4582
1.95 183923 4582
1.95 184428 4495
1.95 184428 4495
1.95 184428 4495
1.95 184428 4495
1.95 184428 4495
1.95 184932 5800
1.95 184932 5800
1.95 184932 5800
1.95 184932 5800
1.95 184932 5800
1.95 185436 4553
1.95 185436 4553
1.95 185436 4553
1.95 185436 4553
1.95 185436 4553
1.95 185939 4147
1.95 185939 4147
1.95 185939 4147
1.95 185939 4147
1.95 185939 4147
1.95 186444 6380
1.95 186444 6380
1.95 186444 6380
1.95 186444 6380
1.95 186444 6380
1.95 186948 4437
1.95 186948 4437
1.95 186948 4437
1.95 186948 4437
1.95 186948 4437
1.95 187452 4263
1.95 187452 4263
1.95 187452 4263
1.95 187452 4263
1.95 187452 4263
1.95 187957 4582
1.95 187957 4582
1.95 187957 4582
1.95 187957 4582
1.95 187957 4582
1.95 188461 4698
1.95 188461 4698
1.95 188461 4698
1.95 188461 4698
1.95 188461 4698
1.95 188964 4437
1.95 188964 4437
1.95 188964 4437
1.95 188964 4437
1.95 188964 4437
1.95 189469 4466
1.95 189469 4466
1.95 189469 4466
1.95 189469 4466
1.95 189469 4466
1.95 189973 4408
1.95 189973 4408
1.95 189973 4408
1.95 189973 4408
1.95 189973 4408
1.95 190477 4814
1.95 190477 4814
1.95 190477 4814
1.95 190477 4814
1.95 190477 4814
1.95 190981 5133
1.95 190981 5133
1.95 190981 5133
1.95 190981 5133
1.95 190981 5133
1.95 191485 4263
1.95 191485 4263
1.95 191485 4263
1.95 191485 4263
1.95 191485 4263
1.95 191989 4321
1.95 191989 4321
1.95 191989 4321
1.95 191989 4321
1.95 191989 4321
1.95 192493 2987
1.95 192493 2987
1.95 192493 2987
1.95 192493 2987
1.95 192493 2987
1.95 192998 4437
1.95 192998 4437
1.95 192998 4437
1.95 192998 4437
1.95 192998 4437
1.95 193502 4785
1.95 193502 4785
1.95 193502 4785
1.95 193502 4785
1.95 193502 4785
1.95 194006 4582
1.95 194006 4582
1.95 194006 4582
1.95 194006 4582
1.95 194006 4582
1.95 194510 4524
1.95 194510 4524
1.95 194510 4524
1.95 194510 4524
1.95 194510 4524
1.95 195014 4582
1.95 195014 4582
1.95 195014 4582
1.95 195014 4582
1.95 195014 4582
1.95 195518 4466
1.95 195518 4466
1.95 195518 4466
1.95 195518 4466
1.95 195518 4466
1.95 196022 4321
1.95 196022 4321
1.95 196022 4321
1.95 196022 4321
1.95 196022 4321
1.95 196527 4582
1.95 196527 4582
1.95 196527 4582
1.95 196527 4582
1.95 196527 4582
1.95 197030 5597
1.95 197030 5597
1.95 197030 5597
1.95 197030 5597
1.95 197030 5597
1.95 197534 3915
1.95 197534 3915
1.95 197534 3915
1.95 197534 3915
1.95 197534 3915
1.95 198039 4379
1.95 198039 4379
1.95 198039 4379
1.95 198039 4379
1.95 198039 4379
1.95 198543 4408
1.95 198543 4408
1.95 198543 4408
1.95 198543 4408
1.95 198543 4408
1.95 199047 4466
1.95 199047 4466
1.95 199047 4466
1.95 199047 4466
1.95 199047 4466
1.95 199552 4524
1.95 199552 4524
1.95 199552 4524
1.95 199552 4524
1.95 199552 4524
1.95 200055 4408
1.95 200055 4408
1.95 200055 4408
1.95 200055 4408
1.95 200055 4408
1.95 200559 4814
1.95 200559 4814
1.95 200559 4814
1.95 200559 4814
1.95 200559 4814
1.95 201063 4379
1.95 201063 4379
1.95 201063 4379
1.95 201063 4379
1.95 201063 4379
1.95 201568 3973
1.95 201568 3973
1.95 201568 3973
1.95 201568 3973
1.95 201568 3973
1.95 202072 522
1.95 202072 522
1.95 202072 522
1.95 202072 522
1.95 202072 522
1.95 202575 87
1.95 202575 87
1.95 202575 87
1.95 202575 87
1.95 202575 87
1.95 203079 1015
1.95 203079 1015
1.95 203079 1015
1.95 203079 1015
1.95 203079 1015
1.95 203583 2900
1.95 203583 2900
1.95 203583 2900
1.95 203583 2900
1.95 203583 2900
1.95 204087 3915
1.95 204087 3915
1.95 204087 3915
1.95 204087 3915
1.95 204087 3915
1.95 204592 3944
1.95 204592 3944
1.95 204592 3944
1.95 204592 3944
1.95 204592 3944
1.95 205095 4234
1.95 205095 4234
1.95 205095 4234
1.95 205095 4234
1.95 205095 4234
1.95 205599 4234
1.95 205599 4234
1.95 205599 4234
1.95 205599 4234
1.95 205599 4234
1.95 206104 4176
1.95 206104 4176
1.95 206104 4176
1.95 206104 4176
1.95 206104 4176
1.95 206608 5771
1.95 206608 5771
1.95 206608 5771
1.95 206608 5771
1.95 206608 5771
1.95 207112 4031
1.95 207112 4031
1.95 207112 4031
1.95 207112 4031
1.95 207112 4031
1.95 207617 4437
1.95 207617 4437
1.95 207617 4437
1.95 207617 4437
1.95 207617 4437
1.95 208120 4959
1.95 208120 4959
1.95 208120 4959
1.95 208120 4959
1.95 208120 4959
1.95 208624 4756
1.95 208624 4756
1.95 208624 4756
1.95 208624 4756
1.95 208624 4756
1.95 209128 4437
1.95 209128 4437
1.95 209128 4437
1.95 209128 4437
1.95 209128 4437
1.95 209633 4495
1.95 209633 4495
1.95 209633 4495
1.95 209633 4495
1.95 209633 4495
1.95 210137 4379
1.95 210137 4379
1.95 210137 4379
1.95 210137 4379
1.95 210137 4379
1.95 210640 4263
1.95 210640 4263
1.95 210640 4263
1.95 210640 4263
1.95 210640 4263
1.95 211145 5394
1.95 211145 5394
1.95 211145 5394
1.95 211145 5394
1.95 211145 5394
1.95 211649 6322
1.95 211649 6322
1.95 211649 6322
1.95 211649 6322
1.95 211649 6322
1.95 212153 5452
1.95 212153 5452
1.95 212153 5452
1.95 212153 5452
1.95 212153 5452
1.95 212657 3799
1.95 212657 3799
1.95 212657 3799
1.95 212657 3799
1.95 212657 3799
1.95 213161 4785
1.95 213161 4785
1.95 213161 4785
1.95 213161 4785
1.95 213161 4785
1.95 213665 4988
1.95 213665 4988
1.95 213665 4988
1.95 213665 4988
1.95 213665 4988
1.95 214169 4988
1.95 214169 4988
1.95 214169 4988
1.95 214169 4988
1.95 214169 4988
1.95 214674 5191
1.95 214674 5191
1.95 214674 5191
1.95 214674 5191
1.95 214674 5191
1.95 215178 4872
1.95 215178 4872
1.95 215178 4872
1.95 215178 4872
1.95 215178 4872
1.95 215682 5684
1.95 215682 5684
1.95 215682 5684
1.95 215682 5684
1.95 215682 5684
1.95 216186 4785
1.95 216186 4785
1.95 216186 4785
1.95 216186 4785
1.95 216186 4785
1.95 216690 4698
1.95 216690 4698
1.95 216690 4698
1.95 216690 4698
1.95 216690 4698
1.95 217194 6525
1.95 217194 6525
1.95 217194 6525
1.95 217194 6525
1.95 217194 6525
1.95 217698 6496
1.95 217698 6496
1.95 217698 6496
1.95 217698 6496
1.95 217698 6496
1.95 218203 2378
1.95 218203 2378
1.95 218203 2378
1.95 218203 2378
1.95 218203 2378
1.95 218706 4176
1.95 218706 4176
1.95 218706 4176
1.95 218706 4176
1.95 218706 4176
1.95 219210 4118
1.95 219210 4118
1.95 219210 4118
1.95 219210 4118
1.95 219210 4118